#TimeHarp 200  Histogram Data			01.01.2005 06:33:58
#channels per curve
4096
#display curve no.
0	1	2	3	5	6	7	
#memory block no.
0	1	2	3	5	6	7	
#ns/channel
0.2947	0.2947	0.2947	0.0000	0.2947	0.0000	0.2947	
#counts
62	3	23	0	22	0	111	
76	1	11	0	19	0	129	
71	1	16	0	17	0	121	
58	4	16	0	19	0	133	
79	3	14	0	17	0	107	
72	3	8	0	18	0	124	
57	1	9	0	24	0	134	
79	2	14	0	19	0	105	
60	1	21	0	16	0	115	
54	1	17	0	18	0	106	
79	2	10	0	14	0	141	
75	2	15	0	27	0	123	
61	5	12	0	17	0	127	
75	1	13	0	13	0	105	
67	3	22	0	16	0	100	
66	3	19	0	18	0	123	
62	6	13	0	19	0	111	
53	2	15	0	21	0	113	
64	5	21	0	11	0	110	
63	4	15	0	10	0	122	
59	4	15	0	16	0	129	
57	2	16	0	16	0	115	
61	1	19	0	16	0	122	
63	3	11	0	18	0	122	
55	3	16	0	17	0	104	
60	1	18	0	12	0	87	
64	1	20	0	17	0	126	
68	5	13	0	24	0	138	
59	4	13	0	21	0	112	
51	3	11	0	18	0	131	
65	2	18	0	22	0	111	
69	4	17	0	14	0	142	
55	2	11	0	17	0	139	
46	1	17	0	26	0	134	
67	1	18	0	16	0	112	
50	1	10	0	14	0	110	
49	2	12	0	19	0	117	
74	2	17	0	26	0	150	
66	2	14	0	21	0	103	
65	2	11	0	15	0	127	
57	2	18	0	14	0	132	
54	2	14	0	17	0	141	
57	2	12	0	14	0	133	
65	6	10	0	17	0	115	
59	5	7	0	11	0	108	
69	2	12	0	21	0	107	
65	0	17	0	13	0	126	
66	2	13	0	17	0	127	
71	3	17	0	23	0	105	
48	2	9	0	21	0	119	
64	4	18	0	14	0	117	
61	0	11	0	14	0	117	
79	5	13	0	19	0	129	
50	4	13	0	19	0	108	
65	4	12	0	13	0	116	
66	2	12	0	14	0	109	
58	2	14	0	15	0	127	
54	4	20	0	19	0	120	
74	1	12	0	20	0	137	
60	1	16	0	16	0	124	
65	1	17	0	18	0	122	
59	2	14	0	17	0	131	
45	2	12	0	25	0	105	
55	2	8	0	19	0	119	
63	3	18	0	12	0	113	
59	0	12	0	23	0	117	
63	1	16	0	13	0	109	
67	4	14	0	17	0	141	
66	4	13	0	21	0	115	
68	3	10	0	16	0	120	
69	2	11	0	21	0	116	
67	3	17	0	16	0	105	
53	4	20	0	23	0	101	
66	4	11	0	16	0	125	
53	5	22	0	25	0	131	
65	5	15	0	20	0	113	
70	0	16	0	21	0	121	
61	3	14	0	16	0	117	
62	3	11	0	16	0	135	
67	4	10	0	16	0	109	
58	3	19	0	24	0	118	
73	4	7	0	20	0	122	
80	3	19	0	23	0	128	
68	3	8	0	18	0	121	
63	5	18	0	14	0	141	
72	4	14	0	25	0	117	
67	4	11	0	12	0	124	
47	1	16	0	7	0	133	
65	1	9	0	13	0	130	
78	2	19	0	20	0	132	
72	5	15	0	10	0	153	
58	3	13	0	21	0	122	
57	2	10	0	27	0	134	
53	1	11	0	19	0	131	
61	7	14	0	19	0	100	
69	5	16	0	13	0	124	
64	5	12	0	18	0	120	
64	2	8	0	18	0	102	
71	3	22	0	12	0	122	
68	1	12	0	19	0	123	
59	2	19	0	17	0	126	
74	4	12	0	21	0	111	
61	5	14	0	15	0	105	
54	3	20	0	17	0	128	
60	3	13	0	17	0	126	
71	1	11	0	15	0	109	
79	0	9	0	11	0	125	
63	1	17	0	13	0	149	
57	4	19	0	16	0	130	
53	2	8	0	18	0	113	
46	1	11	0	13	0	103	
65	3	19	0	11	0	115	
64	2	21	0	25	0	130	
69	3	18	0	11	0	127	
66	1	10	0	23	0	125	
66	4	20	0	19	0	98	
59	2	14	0	21	0	104	
70	6	16	0	15	0	109	
70	0	16	0	14	0	112	
74	5	17	0	24	0	123	
63	0	7	0	24	0	112	
79	2	13	0	18	0	123	
67	1	17	0	9	0	122	
58	3	13	0	14	0	117	
54	1	15	0	23	0	121	
71	1	16	0	13	0	129	
68	3	9	0	11	0	110	
77	2	12	0	14	0	105	
79	1	17	0	20	0	120	
55	0	15	0	12	0	121	
50	5	14	0	13	0	107	
52	0	7	0	17	0	129	
79	1	17	0	13	0	99	
69	5	16	0	18	0	118	
68	2	9	0	20	0	135	
72	3	17	0	15	0	130	
53	2	14	0	17	0	121	
72	5	13	0	19	0	130	
67	2	19	0	18	0	125	
59	5	12	0	17	0	128	
58	2	10	0	12	0	128	
70	4	8	0	21	0	127	
64	1	19	0	14	0	122	
56	3	11	0	19	0	118	
69	3	18	0	17	0	129	
59	2	15	0	22	0	109	
64	2	11	0	21	0	118	
69	1	13	0	21	0	109	
75	5	17	0	25	0	123	
62	5	15	0	26	0	113	
71	5	13	0	16	0	130	
64	4	10	0	17	0	139	
62	3	16	0	17	0	116	
69	2	12	0	28	0	117	
66	2	11	0	16	0	104	
67	3	13	0	12	0	106	
62	1	11	0	13	0	118	
66	2	13	0	9	0	114	
58	3	19	0	19	0	119	
54	2	17	0	8	0	127	
59	0	11	0	15	0	127	
56	2	11	0	21	0	110	
69	2	20	0	22	0	140	
64	2	15	0	20	0	132	
69	7	15	0	9	0	125	
59	6	11	0	18	0	130	
50	7	21	0	18	0	97	
57	7	13	0	19	0	142	
49	5	19	0	20	0	103	
67	4	16	0	21	0	97	
65	1	14	0	16	0	139	
70	3	20	0	20	0	123	
73	7	11	0	20	0	138	
59	4	14	0	15	0	115	
72	3	12	0	15	0	117	
53	1	19	0	13	0	126	
56	8	21	0	22	0	116	
41	1	14	0	14	0	126	
68	3	16	0	15	0	144	
80	6	10	0	14	0	115	
61	1	11	0	11	0	129	
52	4	13	0	21	0	117	
70	3	16	0	13	0	131	
69	2	9	0	13	0	103	
68	2	16	0	16	0	108	
59	1	18	0	17	0	111	
65	1	8	0	21	0	110	
57	2	19	0	16	0	116	
61	3	10	0	20	0	116	
70	2	19	0	23	0	120	
76	3	22	0	15	0	134	
57	5	18	0	11	0	124	
61	3	14	0	21	0	124	
58	2	16	0	17	0	123	
55	1	15	0	18	0	93	
70	0	18	0	17	0	109	
66	3	13	0	19	0	129	
63	5	8	0	16	0	115	
62	4	19	0	18	0	96	
50	1	16	0	21	0	138	
66	4	12	0	19	0	136	
65	3	12	0	16	0	123	
57	0	17	0	22	0	121	
61	1	17	0	16	0	132	
72	2	11	0	20	0	103	
58	4	13	0	12	0	131	
63	4	20	0	15	0	124	
63	1	10	0	22	0	111	
76	2	23	0	16	0	130	
64	4	7	0	12	0	115	
70	1	12	0	20	0	128	
60	2	12	0	23	0	149	
85	2	14	0	21	0	105	
64	4	13	0	23	0	110	
74	1	20	0	17	0	123	
66	2	19	0	25	0	108	
74	2	6	0	21	0	115	
61	3	19	0	14	0	118	
70	4	10	0	22	0	133	
61	2	19	0	13	0	103	
60	1	15	0	15	0	108	
62	1	14	0	13	0	116	
50	5	9	0	15	0	107	
69	1	19	0	19	0	129	
60	5	12	0	11	0	130	
62	4	15	0	10	0	103	
57	5	13	0	14	0	113	
75	5	13	0	14	0	111	
67	5	16	0	21	0	112	
70	4	9	0	14	0	114	
48	3	22	0	25	0	95	
71	4	13	0	17	0	127	
58	6	17	0	14	0	109	
70	0	7	0	21	0	102	
52	0	12	0	16	0	134	
59	2	9	0	14	0	135	
63	0	19	0	29	0	123	
62	4	14	0	16	0	109	
51	3	16	0	14	0	127	
61	1	8	0	20	0	139	
70	4	16	0	13	0	114	
57	1	22	0	15	0	99	
74	1	16	0	13	0	118	
72	1	21	0	20	0	128	
88	3	10	0	22	0	138	
71	2	15	0	12	0	130	
69	3	18	0	19	0	130	
54	3	20	0	22	0	114	
51	4	15	0	18	0	123	
70	3	12	0	19	0	115	
53	2	13	0	19	0	112	
70	5	14	0	16	0	108	
60	1	10	0	23	0	111	
65	3	12	0	9	0	105	
46	4	18	0	15	0	122	
73	2	13	0	27	0	114	
70	2	17	0	11	0	146	
50	2	13	0	13	0	120	
48	2	9	0	14	0	122	
71	2	15	0	22	0	135	
73	3	13	0	16	0	126	
69	3	14	0	16	0	121	
76	3	5	0	18	0	98	
68	10	15	0	20	0	112	
68	2	18	0	17	0	121	
73	2	14	0	17	0	140	
59	3	10	0	18	0	117	
54	4	12	0	18	0	119	
64	1	7	0	16	0	132	
84	4	17	0	15	0	121	
82	2	12	0	19	0	115	
63	1	13	0	19	0	118	
61	1	15	0	23	0	138	
52	1	10	0	19	0	132	
51	2	18	0	14	0	115	
62	3	14	0	14	0	120	
63	4	15	0	18	0	121	
71	1	12	0	14	0	107	
57	4	17	0	22	0	120	
50	0	12	0	21	0	110	
68	3	15	0	19	0	122	
61	4	15	0	21	0	134	
61	7	23	0	17	0	117	
56	1	9	0	16	0	119	
67	2	19	0	25	0	98	
70	4	17	0	14	0	117	
75	2	5	0	18	0	122	
65	4	16	0	25	0	102	
73	3	17	0	11	0	108	
62	5	10	0	11	0	127	
48	4	18	0	14	0	94	
69	3	11	0	7	0	138	
70	4	17	0	13	0	117	
70	2	12	0	12	0	113	
65	3	15	0	19	0	145	
63	4	15	0	16	0	126	
80	2	8	0	23	0	105	
68	4	20	0	26	0	113	
63	2	14	0	21	0	121	
65	1	16	0	20	0	129	
60	4	25	0	25	0	119	
67	2	10	0	18	0	105	
61	2	15	0	17	0	126	
65	2	10	0	13	0	129	
68	7	10	0	22	0	113	
50	2	20	0	23	0	156	
64	1	17	0	23	0	118	
77	5	21	0	16	0	123	
65	1	16	0	20	0	113	
63	3	13	0	18	0	107	
64	2	8	0	16	0	119	
54	6	18	0	22	0	116	
65	3	19	0	15	0	116	
59	3	11	0	24	0	106	
61	3	15	0	27	0	112	
85	5	13	0	25	0	112	
54	2	10	0	12	0	114	
78	1	18	0	14	0	109	
63	2	24	0	16	0	119	
60	4	26	0	20	0	117	
66	1	16	0	19	0	109	
76	2	12	0	14	0	112	
64	2	13	0	14	0	112	
53	2	18	0	15	0	115	
67	2	19	0	17	0	105	
80	0	12	0	31	0	118	
77	1	19	0	28	0	110	
51	1	14	0	13	0	122	
59	2	20	0	22	0	122	
49	5	13	0	21	0	105	
66	2	17	0	15	0	142	
56	2	13	0	13	0	123	
60	5	11	0	15	0	117	
54	5	14	0	17	0	131	
63	5	6	0	13	0	137	
69	3	13	0	22	0	120	
79	2	10	0	12	0	125	
69	2	12	0	15	0	123	
60	2	16	0	17	0	130	
63	4	11	0	17	0	113	
63	6	18	0	13	0	120	
60	3	15	0	24	0	126	
56	1	14	0	22	0	139	
71	5	20	0	17	0	128	
67	4	18	0	16	0	110	
66	4	9	0	8	0	125	
61	3	16	0	17	0	128	
69	3	17	0	12	0	133	
51	1	18	0	19	0	113	
56	4	17	0	17	0	146	
68	4	12	0	12	0	114	
68	3	12	0	22	0	124	
55	5	15	0	16	0	110	
62	3	11	0	13	0	108	
54	4	7	0	16	0	130	
49	2	13	0	19	0	137	
72	1	19	0	17	0	105	
51	2	10	0	18	0	137	
57	2	18	0	12	0	123	
68	2	15	0	15	0	126	
62	2	11	0	22	0	131	
56	1	16	0	16	0	120	
61	1	18	0	21	0	123	
61	4	18	0	15	0	140	
53	0	10	0	12	0	112	
70	1	11	0	13	0	100	
75	5	9	0	11	0	127	
56	3	17	0	18	0	125	
53	3	14	0	15	0	100	
74	2	14	0	12	0	119	
61	8	12	0	15	0	115	
62	2	10	0	17	0	129	
68	1	15	0	15	0	110	
68	3	23	0	16	0	130	
55	3	12	0	24	0	128	
53	3	20	0	10	0	124	
66	4	12	0	13	0	113	
73	1	14	0	11	0	140	
63	2	10	0	14	0	116	
73	1	13	0	13	0	116	
58	3	15	0	22	0	124	
66	2	13	0	17	0	100	
67	1	13	0	16	0	122	
54	3	17	0	14	0	109	
54	0	11	0	19	0	122	
58	3	18	0	22	0	120	
51	4	17	0	14	0	102	
63	2	9	0	24	0	132	
54	5	12	0	15	0	124	
55	1	6	0	17	0	116	
63	3	13	0	10	0	103	
73	2	17	0	19	0	117	
53	4	12	0	20	0	117	
64	2	16	0	17	0	118	
46	3	18	0	20	0	112	
71	3	17	0	19	0	129	
65	2	14	0	14	0	129	
60	2	12	0	19	0	130	
73	1	17	0	23	0	109	
62	2	21	0	14	0	136	
64	5	22	0	14	0	135	
63	3	16	0	11	0	122	
61	2	14	0	26	0	123	
58	1	19	0	15	0	127	
55	4	14	0	23	0	125	
54	2	8	0	14	0	119	
64	3	17	0	25	0	111	
66	1	11	0	20	0	135	
60	8	13	0	22	0	121	
57	1	13	0	23	0	106	
75	2	20	0	20	0	119	
55	6	14	0	14	0	114	
76	3	11	0	19	0	113	
57	1	14	0	18	0	102	
57	3	16	0	13	0	109	
67	5	20	0	16	0	123	
62	1	9	0	20	0	114	
58	1	16	0	18	0	122	
60	4	12	0	15	0	126	
58	3	18	0	22	0	119	
59	2	13	0	17	0	121	
66	3	21	0	19	0	122	
58	3	7	0	12	0	126	
60	4	16	0	16	0	129	
66	1	12	0	18	0	140	
63	3	17	0	18	0	99	
62	4	12	0	13	0	117	
64	6	13	0	19	0	112	
72	0	16	0	16	0	114	
50	3	11	0	16	0	128	
60	4	15	0	11	0	121	
67	3	17	0	15	0	128	
59	2	14	0	16	0	106	
67	2	16	0	16	0	127	
73	3	17	0	18	0	136	
60	3	15	0	13	0	106	
70	4	13	0	23	0	120	
65	1	16	0	11	0	121	
62	7	13	0	16	0	122	
68	0	13	0	17	0	113	
62	0	14	0	16	0	129	
68	2	13	0	12	0	125	
60	3	16	0	24	0	117	
76	4	16	0	18	0	109	
63	2	17	0	19	0	132	
74	2	11	0	18	0	128	
56	6	12	0	16	0	121	
65	2	7	0	15	0	109	
64	3	10	0	21	0	121	
45	2	11	0	14	0	135	
71	4	13	0	17	0	112	
63	3	11	0	14	0	115	
57	5	8	0	13	0	118	
73	2	13	0	22	0	118	
54	0	8	0	13	0	117	
55	3	14	0	10	0	114	
59	3	12	0	24	0	116	
55	3	12	0	15	0	118	
63	4	12	0	21	0	86	
63	1	15	0	19	0	122	
77	2	13	0	23	0	116	
73	5	10	0	20	0	130	
56	1	18	0	14	0	132	
64	1	13	0	16	0	115	
50	5	11	0	14	0	143	
64	4	15	0	18	0	117	
67	5	16	0	28	0	113	
67	2	13	0	20	0	140	
60	2	13	0	24	0	113	
57	1	28	0	22	0	114	
68	6	12	0	13	0	120	
71	5	18	0	14	0	134	
49	3	8	0	17	0	131	
62	2	16	0	14	0	128	
74	5	26	0	15	0	108	
78	4	14	0	19	0	122	
78	4	14	0	21	0	132	
61	0	16	0	17	0	106	
59	2	10	0	17	0	99	
63	2	16	0	21	0	135	
64	6	9	0	14	0	105	
64	1	17	0	16	0	126	
56	1	16	0	8	0	115	
77	0	12	0	14	0	144	
66	3	11	0	17	0	115	
60	4	19	0	14	0	133	
49	3	14	0	13	0	137	
64	1	15	0	11	0	130	
60	6	15	0	30	0	118	
62	4	15	0	18	0	96	
67	3	15	0	19	0	114	
61	2	13	0	20	0	113	
50	2	10	0	19	0	124	
56	2	16	0	14	0	123	
53	1	14	0	15	0	109	
78	5	20	0	12	0	121	
64	3	9	0	22	0	113	
59	3	9	0	20	0	122	
57	7	9	0	11	0	115	
67	2	13	0	20	0	116	
62	1	14	0	21	0	103	
65	5	13	0	17	0	114	
59	3	14	0	15	0	117	
64	0	8	0	25	0	137	
67	6	17	0	13	0	118	
66	6	15	0	12	0	106	
67	3	17	0	18	0	123	
51	3	14	0	22	0	100	
72	2	15	0	16	0	128	
66	2	15	0	25	0	111	
58	4	11	0	20	0	126	
73	1	14	0	17	0	123	
60	1	19	0	25	0	122	
65	2	16	0	14	0	127	
55	2	22	0	24	0	128	
44	3	15	0	13	0	110	
62	0	16	0	19	0	132	
70	5	19	0	15	0	104	
59	1	9	0	14	0	119	
65	2	15	0	20	0	131	
62	4	14	0	21	0	113	
65	2	10	0	10	0	102	
80	3	16	0	13	0	111	
72	2	12	0	14	0	122	
65	2	18	0	17	0	119	
54	3	15	0	15	0	109	
63	2	15	0	10	0	139	
65	7	17	0	17	0	113	
66	3	11	0	14	0	124	
57	2	13	0	12	0	124	
58	4	9	0	9	0	110	
85	3	15	0	16	0	140	
66	1	15	0	22	0	134	
47	5	11	0	23	0	114	
51	2	15	0	22	0	127	
86	0	17	0	14	0	129	
63	2	14	0	28	0	100	
68	4	11	0	16	0	137	
73	5	14	0	13	0	129	
66	1	19	0	27	0	98	
69	0	20	0	14	0	115	
67	5	10	0	19	0	115	
61	3	19	0	15	0	101	
61	1	15	0	22	0	109	
78	3	13	0	18	0	115	
66	5	11	0	11	0	131	
68	0	12	0	19	0	123	
52	0	12	0	18	0	118	
74	3	10	0	22	0	103	
56	4	9	0	12	0	117	
60	2	14	0	13	0	119	
66	2	15	0	19	0	98	
77	3	17	0	21	0	110	
61	0	11	0	13	0	122	
69	2	15	0	20	0	122	
66	2	16	0	19	0	116	
68	1	18	0	24	0	121	
57	1	12	0	17	0	123	
69	6	13	0	19	0	129	
54	6	13	0	14	0	110	
50	3	21	0	24	0	131	
74	7	14	0	15	0	156	
68	3	12	0	19	0	110	
47	0	19	0	21	0	109	
60	2	10	0	19	0	124	
54	3	11	0	16	0	132	
53	6	20	0	8	0	121	
76	1	25	0	24	0	117	
63	2	8	0	13	0	131	
70	2	15	0	15	0	133	
62	2	15	0	17	0	106	
49	2	12	0	17	0	114	
70	1	18	0	21	0	122	
60	5	23	0	13	0	113	
60	2	12	0	13	0	111	
61	0	11	0	20	0	129	
57	1	23	0	17	0	114	
71	3	16	0	14	0	110	
60	1	22	0	18	0	102	
62	7	8	0	15	0	104	
60	3	13	0	12	0	116	
70	1	11	0	12	0	132	
69	3	12	0	17	0	128	
47	5	14	0	16	0	106	
63	5	16	0	20	0	129	
61	1	15	0	15	0	107	
50	3	10	0	12	0	133	
57	2	12	0	15	0	111	
46	3	18	0	20	0	128	
51	0	21	0	19	0	104	
61	2	18	0	16	0	108	
51	1	9	0	18	0	130	
73	4	8	0	19	0	128	
55	5	15	0	9	0	132	
59	4	22	0	17	0	113	
52	4	13	0	12	0	109	
70	1	23	0	22	0	136	
69	3	13	0	17	0	114	
64	1	13	0	16	0	115	
57	2	19	0	20	0	113	
76	3	13	0	16	0	114	
61	1	22	0	20	0	119	
74	2	20	0	18	0	124	
63	1	18	0	21	0	104	
68	1	24	0	26	0	136	
83	1	14	0	24	0	116	
61	3	17	0	20	0	100	
64	2	6	0	17	0	107	
59	3	10	0	19	0	115	
66	1	12	0	18	0	132	
62	3	13	0	12	0	113	
47	3	20	0	17	0	120	
63	5	13	0	20	0	130	
74	5	19	0	19	0	112	
61	2	7	0	11	0	114	
77	9	14	0	19	0	121	
69	2	13	0	14	0	101	
71	6	15	0	17	0	115	
62	2	14	0	17	0	106	
67	4	13	0	19	0	135	
61	2	13	0	22	0	113	
60	3	11	0	25	0	110	
70	3	13	0	20	0	114	
56	0	17	0	17	0	109	
65	2	23	0	12	0	123	
73	3	12	0	18	0	131	
65	0	13	0	12	0	120	
63	5	19	0	13	0	125	
62	3	17	0	12	0	128	
66	1	14	0	17	0	110	
62	4	12	0	19	0	133	
75	3	11	0	24	0	105	
61	8	14	0	15	0	125	
61	1	12	0	19	0	118	
57	3	13	0	17	0	109	
67	3	18	0	19	0	115	
63	4	16	0	17	0	106	
67	1	25	0	18	0	128	
65	3	12	0	16	0	102	
62	3	24	0	28	0	122	
67	4	12	0	33	0	106	
65	4	13	0	19	0	135	
55	0	17	0	18	0	124	
70	3	10	0	17	0	112	
64	2	18	0	22	0	116	
70	0	19	0	15	0	108	
67	3	19	0	29	0	109	
58	3	8	0	15	0	105	
63	1	19	0	16	0	128	
57	2	12	0	26	0	124	
67	6	21	0	11	0	125	
70	2	10	0	19	0	128	
60	2	8	0	19	0	120	
74	2	15	0	15	0	122	
49	3	16	0	15	0	109	
53	4	14	0	13	0	111	
67	2	21	0	19	0	128	
66	0	13	0	23	0	136	
64	0	14	0	12	0	135	
65	3	9	0	16	0	120	
55	3	12	0	24	0	134	
74	3	6	0	17	0	103	
69	2	14	0	22	0	108	
51	3	21	0	31	0	109	
74	2	17	0	11	0	130	
67	2	10	0	23	0	152	
67	3	21	0	11	0	119	
60	4	22	0	23	0	103	
67	4	14	0	15	0	113	
52	1	12	0	16	0	131	
62	4	11	0	22	0	111	
62	2	9	0	16	0	110	
58	4	15	0	18	0	125	
59	2	20	0	15	0	130	
57	1	12	0	16	0	123	
69	4	10	0	16	0	103	
64	6	10	0	18	0	97	
67	3	12	0	15	0	120	
63	2	19	0	11	0	110	
71	1	17	0	13	0	122	
51	2	18	0	17	0	124	
64	1	11	0	18	0	116	
57	2	14	0	21	0	118	
60	1	13	0	15	0	115	
76	3	12	0	21	0	132	
69	1	12	0	24	0	126	
59	1	10	0	18	0	132	
70	7	22	0	20	0	116	
59	0	15	0	19	0	131	
64	4	16	0	11	0	108	
69	5	20	0	20	0	131	
72	2	12	0	19	0	136	
57	1	17	0	13	0	122	
68	2	14	0	20	0	118	
64	5	14	0	26	0	107	
76	2	19	0	9	0	119	
60	2	14	0	21	0	132	
64	3	10	0	19	0	121	
64	2	16	0	10	0	103	
60	2	18	0	23	0	124	
53	5	10	0	18	0	99	
56	4	18	0	15	0	120	
66	2	15	0	11	0	136	
60	4	20	0	23	0	119	
81	4	21	0	14	0	112	
73	1	15	0	14	0	106	
69	5	17	0	14	0	119	
79	2	15	0	18	0	122	
58	5	20	0	18	0	124	
70	1	13	0	18	0	129	
75	3	13	0	16	0	109	
55	4	22	0	21	0	107	
56	1	11	0	16	0	107	
68	4	8	0	14	0	117	
75	5	16	0	19	0	117	
49	7	16	0	23	0	123	
57	5	9	0	22	0	97	
49	4	11	0	21	0	116	
66	1	12	0	16	0	139	
66	6	17	0	14	0	110	
71	4	21	0	11	0	123	
73	5	9	0	23	0	138	
58	0	13	0	13	0	119	
58	2	21	0	22	0	115	
71	2	12	0	18	0	126	
66	1	11	0	26	0	133	
49	5	16	0	26	0	113	
45	3	15	0	13	0	129	
74	0	19	0	18	0	140	
72	3	6	0	16	0	94	
71	3	11	0	14	0	121	
62	3	22	0	17	0	134	
83	1	11	0	18	0	116	
65	6	10	0	15	0	111	
74	3	13	0	19	0	146	
64	0	12	0	17	0	108	
68	2	18	0	16	0	133	
57	2	15	0	18	0	134	
62	3	18	0	22	0	112	
64	1	12	0	18	0	125	
65	6	17	0	18	0	131	
77	5	18	0	24	0	119	
63	3	15	0	15	0	114	
59	1	10	0	14	0	141	
77	4	11	0	27	0	113	
58	1	13	0	17	0	110	
51	2	19	0	12	0	119	
59	0	18	0	20	0	119	
91	2	10	0	16	0	138	
58	3	8	0	19	0	141	
69	4	11	0	23	0	146	
38	2	19	0	11	0	121	
67	3	19	0	14	0	141	
62	1	12	0	21	0	115	
61	3	20	0	18	0	91	
69	1	16	0	21	0	126	
62	2	16	0	18	0	124	
55	2	17	0	8	0	119	
59	2	18	0	20	0	126	
57	3	10	0	20	0	127	
62	1	17	0	21	0	109	
70	4	10	0	12	0	93	
67	1	12	0	15	0	125	
65	3	10	0	13	0	99	
55	3	22	0	21	0	111	
64	2	14	0	30	0	110	
59	5	17	0	23	0	131	
61	3	10	0	23	0	135	
61	2	12	0	29	0	149	
53	4	16	0	24	0	113	
59	2	13	0	20	0	115	
72	1	17	0	16	0	112	
53	2	15	0	24	0	126	
65	5	17	0	22	0	132	
60	6	15	0	23	0	124	
54	5	14	0	20	0	116	
57	3	13	0	18	0	122	
63	1	14	0	21	0	128	
79	2	14	0	14	0	120	
73	4	14	0	18	0	138	
65	1	13	0	18	0	124	
78	6	19	0	27	0	123	
72	5	14	0	17	0	101	
75	2	14	0	17	0	126	
58	6	22	0	16	0	120	
47	8	20	0	18	0	143	
97	9	12	0	17	0	133	
55	1	16	0	14	0	112	
56	4	19	0	22	0	108	
70	2	9	0	15	0	131	
73	1	12	0	18	0	125	
69	3	12	0	12	0	122	
66	5	13	0	21	0	134	
65	3	14	0	16	0	113	
86	1	14	0	15	0	110	
65	6	15	0	18	0	128	
74	4	16	0	15	0	134	
57	3	14	0	23	0	134	
74	3	14	0	20	0	96	
68	1	16	0	16	0	135	
66	2	12	0	12	0	120	
71	2	22	0	18	0	123	
69	0	12	0	11	0	124	
61	3	16	0	23	0	117	
62	1	12	0	21	0	115	
74	2	16	0	13	0	151	
62	1	15	0	11	0	100	
59	0	10	0	23	0	123	
59	4	15	0	17	0	112	
64	2	9	0	12	0	132	
79	3	16	0	19	0	124	
68	0	15	0	18	0	104	
64	5	6	0	13	0	133	
51	5	17	0	16	0	107	
65	4	16	0	28	0	133	
69	2	21	0	20	0	123	
59	3	17	0	10	0	111	
58	2	15	0	19	0	123	
62	1	19	0	23	0	119	
58	3	17	0	19	0	110	
66	1	14	0	20	0	112	
70	2	18	0	16	0	98	
74	1	17	0	23	0	118	
59	3	18	0	12	0	119	
59	4	17	0	16	0	140	
50	2	17	0	17	0	123	
68	4	17	0	15	0	120	
67	2	15	0	16	0	126	
72	4	11	0	24	0	122	
66	8	16	0	24	0	105	
65	4	19	0	26	0	133	
89	4	14	0	19	0	120	
72	0	16	0	23	0	111	
74	2	24	0	20	0	119	
46	5	18	0	17	0	115	
65	7	9	0	25	0	123	
74	1	23	0	22	0	118	
71	3	21	0	23	0	112	
68	2	17	0	9	0	123	
67	3	8	0	26	0	98	
52	6	14	0	14	0	111	
57	4	15	0	20	0	121	
62	4	19	0	15	0	93	
65	4	22	0	14	0	131	
63	2	17	0	12	0	93	
66	0	8	0	19	0	127	
74	4	14	0	31	0	120	
73	3	13	0	16	0	137	
73	2	9	0	16	0	111	
49	2	13	0	23	0	124	
57	3	13	0	16	0	122	
54	3	8	0	11	0	106	
69	2	12	0	19	0	146	
54	3	11	0	21	0	124	
61	1	16	0	12	0	106	
66	1	16	0	15	0	112	
50	4	8	0	21	0	109	
65	3	23	0	15	0	119	
64	2	18	0	21	0	128	
64	3	16	0	12	0	122	
71	4	7	0	23	0	125	
50	4	9	0	15	0	127	
72	4	16	0	12	0	113	
54	3	21	0	17	0	125	
54	6	20	0	15	0	119	
55	1	16	0	17	0	110	
63	1	15	0	14	0	135	
69	2	18	0	24	0	126	
64	3	16	0	12	0	123	
72	2	13	0	16	0	122	
74	3	11	0	15	0	131	
52	1	19	0	23	0	130	
65	2	13	0	22	0	107	
76	3	17	0	24	0	109	
70	2	16	0	21	0	121	
68	1	14	0	18	0	128	
70	4	16	0	15	0	122	
76	6	22	0	19	0	107	
59	4	9	0	19	0	134	
84	1	15	0	11	0	130	
63	2	18	0	19	0	125	
78	0	12	0	15	0	135	
60	2	9	0	20	0	125	
46	5	18	0	22	0	122	
78	0	25	0	16	0	138	
66	4	14	0	21	0	143	
66	4	16	0	17	0	120	
50	2	13	0	21	0	125	
72	1	22	0	14	0	117	
77	0	19	0	19	0	135	
64	1	21	0	17	0	120	
54	5	7	0	18	0	108	
62	5	18	0	18	0	107	
68	5	7	0	15	0	121	
62	5	13	0	18	0	128	
61	3	8	0	14	0	102	
64	6	12	0	20	0	125	
61	2	13	0	21	0	116	
55	3	23	0	13	0	112	
61	2	12	0	15	0	115	
60	2	16	0	17	0	110	
64	3	14	0	10	0	122	
82	3	17	0	21	0	116	
72	4	11	0	25	0	120	
55	2	13	0	20	0	115	
49	4	16	0	16	0	131	
55	5	10	0	23	0	130	
78	1	16	0	25	0	124	
63	3	14	0	15	0	118	
79	1	17	0	13	0	140	
68	0	12	0	21	0	111	
74	7	5	0	20	0	125	
73	3	14	0	15	0	131	
51	4	13	0	18	0	123	
69	4	12	0	16	0	120	
66	1	18	0	13	0	108	
75	6	15	0	21	0	143	
65	0	15	0	12	0	128	
77	2	13	0	18	0	108	
44	5	11	0	17	0	115	
68	1	16	0	17	0	131	
60	1	8	0	18	0	118	
65	2	14	0	14	0	126	
53	0	12	0	13	0	121	
58	5	17	0	13	0	126	
57	2	18	0	15	0	114	
65	4	11	0	22	0	117	
65	0	9	0	14	0	117	
60	4	10	0	18	0	99	
60	2	13	0	18	0	113	
66	2	19	0	23	0	113	
80	2	24	0	22	0	113	
67	4	11	0	19	0	133	
57	3	15	0	18	0	114	
65	4	13	0	20	0	126	
63	2	10	0	16	0	145	
90	5	15	0	17	0	119	
60	3	16	0	15	0	113	
65	3	16	0	22	0	121	
52	4	11	0	13	0	114	
75	1	16	0	23	0	115	
58	2	12	0	21	0	138	
81	2	16	0	16	0	134	
65	0	12	0	15	0	114	
65	5	12	0	19	0	136	
56	1	17	0	14	0	116	
60	1	20	0	22	0	131	
57	4	19	0	16	0	99	
67	4	12	0	17	0	120	
59	0	17	0	10	0	126	
53	5	16	0	13	0	128	
59	1	13	0	21	0	125	
55	3	9	0	18	0	120	
54	2	13	0	19	0	126	
67	2	12	0	14	0	132	
66	3	8	0	15	0	107	
49	6	13	0	20	0	138	
55	4	13	0	20	0	110	
69	2	10	0	22	0	133	
84	5	12	0	13	0	113	
66	5	13	0	9	0	135	
70	2	16	0	18	0	110	
81	2	9	0	21	0	127	
53	2	16	0	15	0	115	
52	4	21	0	22	0	119	
65	2	9	0	26	0	117	
63	3	11	0	14	0	123	
69	5	21	0	21	0	120	
76	2	17	0	19	0	110	
77	3	11	0	26	0	120	
67	1	10	0	19	0	118	
51	3	21	0	12	0	111	
69	2	16	0	14	0	113	
51	6	10	0	17	0	118	
59	0	17	0	14	0	137	
71	3	19	0	23	0	116	
74	1	10	0	15	0	118	
68	3	13	0	12	0	121	
71	1	18	0	14	0	138	
71	3	20	0	18	0	138	
59	2	22	0	13	0	125	
57	4	12	0	15	0	129	
76	7	20	0	10	0	113	
65	1	9	0	17	0	131	
74	0	18	0	28	0	124	
67	5	11	0	10	0	125	
63	1	13	0	23	0	131	
72	5	12	0	14	0	127	
72	5	13	0	21	0	123	
66	2	11	0	12	0	118	
72	4	20	0	23	0	126	
58	0	14	0	18	0	131	
64	3	15	0	18	0	136	
74	1	13	0	18	0	131	
74	4	15	0	24	0	116	
56	4	9	0	25	0	102	
67	1	10	0	7	0	116	
67	6	15	0	17	0	129	
74	6	13	0	16	0	102	
74	2	22	0	17	0	121	
73	1	18	0	26	0	119	
64	1	13	0	13	0	116	
82	2	21	0	16	0	124	
63	3	19	0	17	0	138	
63	3	14	0	21	0	103	
59	6	16	0	16	0	127	
56	2	16	0	22	0	106	
66	1	10	0	15	0	128	
65	2	11	0	21	0	112	
83	3	9	0	13	0	115	
80	3	13	0	22	0	107	
66	5	14	0	21	0	130	
65	3	14	0	20	0	118	
47	3	13	0	17	0	104	
59	2	14	0	19	0	130	
61	6	13	0	20	0	107	
66	2	8	0	13	0	122	
62	1	23	0	15	0	125	
64	3	14	0	20	0	129	
70	3	13	0	18	0	105	
71	4	10	0	26	0	110	
68	2	14	0	22	0	130	
55	4	12	0	19	0	135	
67	2	10	0	17	0	106	
60	3	16	0	22	0	130	
67	4	12	0	22	0	112	
66	4	15	0	22	0	126	
60	1	18	0	24	0	131	
74	2	12	0	24	0	126	
61	2	12	0	15	0	114	
63	2	15	0	13	0	97	
75	2	7	0	17	0	138	
55	1	15	0	14	0	136	
58	0	13	0	20	0	129	
59	3	21	0	23	0	99	
49	3	16	0	18	0	136	
54	2	18	0	19	0	140	
57	2	15	0	16	0	118	
69	2	13	0	25	0	126	
76	0	16	0	29	0	118	
60	2	19	0	19	0	139	
78	5	19	0	20	0	107	
63	0	13	0	20	0	120	
75	1	21	0	30	0	125	
77	5	19	0	19	0	125	
58	3	15	0	14	0	142	
69	0	15	0	27	0	140	
63	1	13	0	25	0	106	
59	3	11	0	15	0	134	
61	3	17	0	21	0	126	
68	2	14	0	13	0	125	
67	5	12	0	21	0	116	
68	2	17	0	13	0	121	
64	5	16	0	18	0	124	
64	3	11	0	13	0	103	
58	2	16	0	15	0	126	
70	3	13	0	16	0	133	
59	3	15	0	18	0	119	
71	5	13	0	21	0	111	
55	5	11	0	19	0	123	
61	5	18	0	19	0	132	
68	1	22	0	20	0	122	
60	1	15	0	15	0	112	
73	5	17	0	15	0	119	
61	2	22	0	24	0	119	
78	3	15	0	23	0	108	
59	0	16	0	26	0	127	
64	2	18	0	14	0	116	
59	1	13	0	14	0	107	
56	1	13	0	11	0	121	
62	3	15	0	22	0	101	
56	3	14	0	15	0	113	
69	2	15	0	18	0	123	
63	1	15	0	16	0	136	
74	3	15	0	18	0	98	
55	6	21	0	15	0	128	
66	1	10	0	13	0	131	
78	2	16	0	15	0	140	
67	4	15	0	16	0	108	
49	1	12	0	22	0	123	
68	0	11	0	16	0	132	
69	0	15	0	26	0	119	
74	1	26	0	16	0	130	
60	3	15	0	15	0	108	
70	2	14	0	18	0	126	
57	2	16	0	20	0	126	
65	1	13	0	12	0	119	
55	6	12	0	12	0	116	
65	2	17	0	19	0	115	
75	3	15	0	18	0	133	
57	0	16	0	13	0	121	
67	2	16	0	16	0	119	
63	3	10	0	18	0	100	
64	1	22	0	17	0	123	
65	4	12	0	17	0	134	
73	2	10	0	14	0	126	
72	2	19	0	19	0	111	
67	2	10	0	17	0	139	
72	2	12	0	15	0	118	
73	3	21	0	23	0	122	
66	1	22	0	21	0	119	
68	2	15	0	17	0	128	
61	2	12	0	25	0	114	
61	1	15	0	16	0	135	
66	7	10	0	22	0	109	
63	6	18	0	16	0	121	
58	4	19	0	16	0	86	
64	3	17	0	23	0	129	
66	4	18	0	15	0	119	
71	2	12	0	20	0	127	
75	7	19	0	20	0	134	
79	0	16	0	27	0	121	
77	4	19	0	14	0	121	
68	3	20	0	13	0	110	
57	3	17	0	22	0	145	
77	3	10	0	11	0	125	
69	4	18	0	15	0	121	
76	2	17	0	22	0	117	
74	2	13	0	12	0	127	
64	2	22	0	23	0	114	
73	3	11	0	14	0	132	
59	4	19	0	15	0	131	
70	5	15	0	25	0	144	
56	2	15	0	23	0	131	
61	2	14	0	27	0	113	
65	1	17	0	12	0	103	
62	2	13	0	14	0	140	
67	4	15	0	16	0	116	
60	3	12	0	18	0	113	
78	4	12	0	16	0	113	
69	3	18	0	16	0	140	
56	1	13	0	15	0	125	
60	3	13	0	18	0	124	
75	4	15	0	20	0	112	
61	1	15	0	17	0	129	
56	1	18	0	19	0	128	
55	4	16	0	14	0	134	
60	6	14	0	10	0	126	
64	4	11	0	17	0	145	
60	1	24	0	16	0	95	
64	2	10	0	18	0	122	
64	3	11	0	26	0	117	
50	5	23	0	17	0	129	
58	1	17	0	14	0	132	
68	5	16	0	19	0	128	
53	1	16	0	17	0	114	
72	0	18	0	20	0	116	
67	5	11	0	19	0	120	
59	4	15	0	20	0	131	
64	3	10	0	18	0	111	
68	2	15	0	15	0	111	
74	5	19	0	9	0	117	
78	3	20	0	20	0	124	
62	3	12	0	17	0	126	
64	3	14	0	13	0	96	
66	4	19	0	13	0	131	
68	2	18	0	16	0	125	
58	1	12	0	31	0	116	
64	3	15	0	18	0	119	
56	4	16	0	13	0	118	
54	1	10	0	19	0	118	
70	2	19	0	14	0	127	
67	3	21	0	22	0	113	
75	4	11	0	22	0	118	
63	3	17	0	23	0	132	
63	3	12	0	15	0	139	
70	2	9	0	16	0	125	
77	3	10	0	14	0	113	
58	3	14	0	16	0	90	
56	2	17	0	17	0	97	
56	4	11	0	16	0	112	
69	5	15	0	14	0	135	
66	5	14	0	19	0	118	
60	1	15	0	18	0	137	
79	3	15	0	14	0	118	
77	2	12	0	21	0	124	
59	3	18	0	18	0	111	
58	1	17	0	16	0	122	
59	2	14	0	15	0	125	
65	3	19	0	21	0	124	
63	2	9	0	20	0	128	
69	0	20	0	15	0	114	
80	2	17	0	22	0	111	
72	4	15	0	16	0	109	
65	3	10	0	12	0	126	
60	2	23	0	15	0	126	
78	3	14	0	16	0	110	
81	2	19	0	18	0	143	
72	2	10	0	16	0	125	
69	0	16	0	21	0	124	
52	2	18	0	15	0	128	
63	5	22	0	11	0	118	
76	1	20	0	19	0	119	
57	2	22	0	9	0	97	
51	1	8	0	17	0	126	
54	2	11	0	21	0	118	
75	1	20	0	14	0	115	
59	2	15	0	19	0	116	
62	5	8	0	16	0	109	
72	1	9	0	16	0	141	
60	3	17	0	21	0	118	
47	3	12	0	7	0	128	
70	0	10	0	17	0	106	
69	2	14	0	20	0	124	
72	2	26	0	15	0	117	
60	3	13	0	16	0	102	
67	5	16	0	14	0	120	
70	1	14	0	16	0	118	
73	3	8	0	12	0	116	
70	1	21	0	20	0	138	
75	3	11	0	17	0	128	
71	4	12	0	20	0	141	
68	4	13	0	14	0	126	
56	2	21	0	20	0	122	
77	4	17	0	20	0	133	
55	3	12	0	24	0	116	
66	4	11	0	10	0	122	
63	3	13	0	20	0	126	
68	4	13	0	17	0	104	
67	2	17	0	23	0	112	
62	2	12	0	26	0	120	
71	2	16	0	16	0	121	
72	2	13	0	22	0	129	
63	4	9	0	23	0	138	
78	3	17	0	18	0	115	
68	2	17	0	22	0	112	
64	3	10	0	19	0	140	
70	2	14	0	19	0	119	
75	2	17	0	17	0	109	
75	5	17	0	19	0	121	
60	1	21	0	14	0	119	
44	0	19	0	16	0	112	
69	3	10	0	9	0	124	
55	2	19	0	20	0	135	
78	2	11	0	13	0	112	
59	2	15	0	14	0	101	
69	3	19	0	20	0	114	
63	3	11	0	18	0	124	
83	1	17	0	18	0	115	
68	6	14	0	26	0	115	
78	2	21	0	21	0	127	
71	2	13	0	19	0	120	
69	0	17	0	14	0	118	
43	4	16	0	21	0	119	
85	2	14	0	17	0	120	
61	6	16	0	17	0	130	
59	2	14	0	20	0	106	
79	2	13	0	22	0	121	
73	5	18	0	9	0	125	
60	3	5	0	23	0	106	
67	3	17	0	13	0	121	
64	2	12	0	15	0	118	
72	2	19	0	15	0	123	
75	3	14	0	24	0	106	
59	2	12	0	16	0	121	
61	4	22	0	14	0	127	
61	4	18	0	15	0	97	
69	1	17	0	20	0	122	
65	2	10	0	21	0	115	
59	0	11	0	16	0	136	
63	5	11	0	21	0	125	
71	2	13	0	18	0	131	
68	4	21	0	7	0	125	
59	2	14	0	14	0	133	
51	3	17	0	22	0	112	
58	0	13	0	22	0	100	
59	1	13	0	12	0	135	
65	2	17	0	23	0	119	
63	2	14	0	22	0	141	
65	1	12	0	12	0	113	
70	4	12	0	18	0	125	
59	3	15	0	29	0	115	
57	1	17	0	18	0	133	
56	9	14	0	16	0	140	
62	2	16	0	18	0	131	
71	2	9	0	10	0	121	
68	3	15	0	29	0	113	
73	4	16	0	14	0	117	
65	5	16	0	18	0	119	
56	4	19	0	21	0	116	
56	4	12	0	12	0	130	
67	4	16	0	15	0	138	
75	0	10	0	24	0	110	
59	2	9	0	20	0	124	
58	1	13	0	17	0	126	
68	1	19	0	15	0	130	
70	2	14	0	20	0	114	
72	2	18	0	20	0	126	
60	4	16	0	21	0	109	
65	0	13	0	14	0	109	
68	2	16	0	22	0	112	
71	3	12	0	20	0	126	
59	3	16	0	19	0	110	
57	3	10	0	17	0	113	
68	8	20	0	19	0	106	
64	2	8	0	17	0	145	
69	4	22	0	17	0	114	
61	2	11	0	16	0	131	
71	4	18	0	14	0	96	
52	1	21	0	13	0	112	
64	2	16	0	22	0	125	
53	2	17	0	12	0	130	
78	2	18	0	16	0	131	
53	4	14	0	17	0	110	
66	3	13	0	15	0	122	
62	2	17	0	24	0	122	
65	3	12	0	14	0	127	
77	3	10	0	16	0	128	
67	0	14	0	18	0	118	
80	3	16	0	17	0	118	
59	4	13	0	12	0	121	
70	3	11	0	20	0	139	
58	2	11	0	18	0	128	
64	1	11	0	17	0	109	
64	6	12	0	23	0	126	
68	2	12	0	13	0	122	
67	2	10	0	17	0	131	
73	1	9	0	15	0	113	
71	4	18	0	25	0	119	
71	4	6	0	14	0	118	
64	2	14	0	22	0	116	
72	1	8	0	14	0	112	
63	2	10	0	15	0	123	
66	4	18	0	12	0	120	
67	0	18	0	22	0	124	
68	0	14	0	16	0	114	
54	1	10	0	27	0	107	
78	3	17	0	20	0	117	
72	1	12	0	17	0	117	
53	1	12	0	15	0	135	
65	0	14	0	12	0	130	
73	3	19	0	16	0	110	
59	2	11	0	17	0	123	
65	2	10	0	15	0	123	
61	3	13	0	15	0	109	
64	2	12	0	16	0	116	
50	3	16	0	17	0	106	
78	3	10	0	21	0	136	
70	5	16	0	14	0	129	
54	1	13	0	12	0	135	
60	1	19	0	15	0	129	
62	2	21	0	26	0	121	
49	3	17	0	9	0	129	
80	1	17	0	14	0	107	
65	0	11	0	19	0	105	
59	3	19	0	23	0	115	
79	0	11	0	19	0	122	
80	2	6	0	19	0	115	
73	5	16	0	25	0	115	
75	0	12	0	21	0	112	
75	4	12	0	24	0	114	
71	3	15	0	19	0	112	
80	4	16	0	14	0	141	
65	1	10	0	14	0	114	
55	2	14	0	15	0	130	
58	2	13	0	12	0	143	
77	3	20	0	16	0	123	
62	2	15	0	23	0	126	
52	2	23	0	14	0	141	
73	2	16	0	23	0	121	
68	1	20	0	13	0	126	
47	3	13	0	21	0	132	
70	4	8	0	18	0	109	
56	3	11	0	17	0	124	
61	3	15	0	17	0	131	
63	2	12	0	11	0	132	
70	2	11	0	8	0	155	
59	5	14	0	17	0	120	
71	1	16	0	24	0	130	
58	1	18	0	23	0	116	
73	4	13	0	19	0	105	
71	2	14	0	19	0	117	
73	1	13	0	15	0	120	
82	3	20	0	13	0	131	
72	3	16	0	14	0	112	
72	2	8	0	17	0	118	
55	2	16	0	15	0	128	
69	2	11	0	17	0	126	
62	1	18	0	21	0	109	
64	4	19	0	16	0	122	
73	2	11	0	15	0	109	
63	5	18	0	12	0	112	
72	5	15	0	8	0	153	
89	0	22	0	16	0	114	
72	1	13	0	14	0	126	
63	1	20	0	20	0	101	
62	0	16	0	18	0	133	
68	5	14	0	10	0	138	
71	5	14	0	16	0	119	
55	2	14	0	12	0	100	
67	2	18	0	19	0	119	
56	5	15	0	11	0	136	
67	3	12	0	16	0	123	
52	0	14	0	13	0	151	
87	2	19	0	16	0	128	
71	4	15	0	22	0	124	
71	3	17	0	22	0	129	
57	2	13	0	15	0	122	
55	2	8	0	14	0	122	
65	1	16	0	19	0	103	
62	1	14	0	19	0	129	
65	5	7	0	25	0	123	
49	3	6	0	13	0	106	
68	4	13	0	15	0	107	
60	2	18	0	16	0	112	
74	4	11	0	10	0	126	
58	1	15	0	13	0	99	
63	5	23	0	21	0	144	
67	1	18	0	15	0	133	
67	1	19	0	19	0	117	
65	3	13	0	17	0	123	
62	5	9	0	17	0	124	
64	4	13	0	11	0	109	
55	0	16	0	20	0	108	
68	4	11	0	17	0	109	
60	1	18	0	20	0	119	
68	0	12	0	12	0	132	
62	1	21	0	21	0	121	
82	4	9	0	26	0	128	
64	0	17	0	18	0	149	
73	1	13	0	20	0	132	
69	4	12	0	23	0	123	
70	1	18	0	20	0	115	
74	1	15	0	13	0	118	
65	5	14	0	22	0	123	
80	2	14	0	23	0	102	
58	3	15	0	15	0	136	
58	2	15	0	15	0	128	
72	1	17	0	18	0	120	
63	1	21	0	17	0	118	
80	2	14	0	23	0	120	
77	0	17	0	28	0	133	
63	2	16	0	28	0	111	
64	0	10	0	12	0	114	
64	4	13	0	12	0	120	
53	2	17	0	18	0	126	
67	2	15	0	12	0	109	
54	3	11	0	15	0	112	
68	3	10	0	17	0	123	
69	0	19	0	11	0	109	
65	4	14	0	20	0	119	
65	2	11	0	15	0	111	
78	1	16	0	17	0	119	
57	2	19	0	15	0	105	
74	2	12	0	16	0	110	
62	3	14	0	14	0	125	
61	3	13	0	23	0	131	
61	2	23	0	22	0	114	
74	2	13	0	11	0	116	
61	5	13	0	17	0	114	
72	4	22	0	20	0	106	
59	0	16	0	21	0	139	
69	2	14	0	16	0	124	
65	1	10	0	18	0	116	
64	3	18	0	14	0	115	
60	2	19	0	21	0	118	
63	4	15	0	15	0	130	
60	2	10	0	28	0	108	
68	1	11	0	13	0	113	
67	3	18	0	16	0	123	
77	4	13	0	26	0	134	
66	1	15	0	18	0	102	
65	5	17	0	25	0	121	
68	2	15	0	17	0	115	
74	2	20	0	22	0	127	
50	2	11	0	18	0	126	
53	2	18	0	14	0	112	
59	1	20	0	23	0	108	
64	5	16	0	19	0	135	
71	3	10	0	12	0	126	
62	4	20	0	17	0	117	
56	4	14	0	23	0	120	
61	6	11	0	15	0	130	
81	5	20	0	19	0	120	
74	2	14	0	16	0	124	
79	2	23	0	14	0	116	
63	3	15	0	22	0	131	
57	2	15	0	21	0	104	
62	1	18	0	18	0	143	
68	2	20	0	12	0	113	
56	4	11	0	27	0	137	
74	1	9	0	17	0	117	
66	5	17	0	11	0	120	
56	2	19	0	28	0	145	
61	2	14	0	14	0	116	
82	1	15	0	21	0	117	
57	5	11	0	23	0	107	
65	2	13	0	12	0	147	
64	1	12	0	14	0	111	
61	1	21	0	12	0	125	
65	1	14	0	16	0	118	
80	3	13	0	17	0	140	
69	2	13	0	22	0	129	
59	3	13	0	21	0	130	
60	3	11	0	13	0	103	
56	2	11	0	19	0	122	
63	0	18	0	24	0	117	
72	2	10	0	22	0	125	
81	2	11	0	21	0	99	
69	2	22	0	14	0	125	
62	1	18	0	23	0	112	
59	4	14	0	15	0	110	
88	1	16	0	26	0	128	
69	1	17	0	17	0	115	
57	3	11	0	16	0	113	
61	3	14	0	23	0	133	
68	4	16	0	20	0	112	
73	3	12	0	26	0	110	
65	4	13	0	16	0	125	
70	0	19	0	21	0	135	
92	7	13	0	18	0	131	
65	5	23	0	21	0	137	
81	2	16	0	16	0	117	
79	1	18	0	25	0	142	
62	3	16	0	16	0	115	
69	2	14	0	15	0	126	
71	1	28	0	10	0	116	
71	2	21	0	16	0	125	
75	4	16	0	11	0	124	
66	4	8	0	20	0	135	
65	4	17	0	20	0	140	
89	4	11	0	19	0	120	
67	2	18	0	16	0	111	
70	4	17	0	14	0	134	
68	1	11	0	13	0	107	
63	1	10	0	19	0	128	
62	2	14	0	14	0	127	
72	0	18	0	14	0	97	
79	0	20	0	17	0	133	
58	2	12	0	22	0	112	
74	2	7	0	14	0	122	
66	2	12	0	18	0	109	
60	2	11	0	21	0	114	
46	2	18	0	28	0	131	
67	1	13	0	27	0	124	
63	3	15	0	10	0	124	
70	7	8	0	19	0	133	
66	4	18	0	21	0	138	
70	7	14	0	20	0	137	
68	4	12	0	25	0	115	
68	7	13	0	22	0	128	
71	5	22	0	9	0	103	
70	3	16	0	22	0	118	
67	2	11	0	21	0	131	
56	1	13	0	14	0	113	
73	3	9	0	18	0	118	
66	4	21	0	14	0	142	
60	4	18	0	16	0	123	
60	4	11	0	10	0	129	
54	4	17	0	16	0	128	
58	6	13	0	15	0	106	
87	3	12	0	23	0	113	
59	3	13	0	16	0	117	
70	2	4	0	14	0	114	
59	4	18	0	17	0	111	
77	6	23	0	14	0	124	
80	1	14	0	22	0	123	
57	4	10	0	20	0	95	
52	4	14	0	19	0	118	
59	4	16	0	15	0	120	
69	5	11	0	24	0	128	
69	3	15	0	18	0	112	
65	3	13	0	16	0	121	
67	4	12	0	8	0	114	
80	1	17	0	26	0	110	
66	4	18	0	21	0	122	
70	2	15	0	19	0	139	
77	3	25	0	11	0	113	
62	3	15	0	17	0	115	
80	2	23	0	20	0	119	
63	3	15	0	19	0	102	
74	2	11	0	17	0	117	
75	2	16	0	15	0	110	
72	0	15	0	17	0	93	
78	0	13	0	17	0	134	
57	5	16	0	15	0	113	
63	5	15	0	14	0	112	
63	3	21	0	15	0	116	
68	1	12	0	18	0	122	
75	4	8	0	16	0	112	
71	2	26	0	16	0	112	
61	3	12	0	18	0	107	
77	3	9	0	29	0	131	
85	4	10	0	16	0	119	
63	2	14	0	20	0	132	
62	3	20	0	19	0	120	
64	3	11	0	14	0	108	
60	3	13	0	17	0	120	
64	3	15	0	17	0	122	
69	2	12	0	19	0	122	
73	5	13	0	13	0	135	
72	5	18	0	25	0	116	
60	1	10	0	22	0	131	
67	3	17	0	22	0	132	
66	0	11	0	17	0	123	
58	1	21	0	23	0	102	
69	1	15	0	23	0	121	
76	4	14	0	16	0	129	
58	4	12	0	18	0	110	
58	2	12	0	21	0	112	
66	5	18	0	21	0	89	
66	0	22	0	25	0	141	
48	7	14	0	13	0	122	
77	2	17	0	17	0	122	
56	2	18	0	21	0	145	
81	2	17	0	15	0	111	
75	3	19	0	25	0	131	
62	2	18	0	15	0	139	
64	3	14	0	18	0	143	
55	2	19	0	13	0	113	
60	4	19	0	18	0	121	
71	0	20	0	20	0	136	
70	4	13	0	15	0	122	
67	0	6	0	12	0	117	
60	3	12	0	16	0	109	
76	4	12	0	21	0	119	
76	2	14	0	20	0	141	
80	1	15	0	22	0	93	
84	2	12	0	19	0	154	
59	1	10	0	15	0	132	
86	4	14	0	15	0	109	
64	4	13	0	26	0	114	
65	2	17	0	16	0	104	
59	2	23	0	17	0	126	
81	3	13	0	20	0	124	
85	2	17	0	19	0	111	
71	3	9	0	19	0	115	
60	3	10	0	20	0	124	
64	0	24	0	10	0	104	
68	3	13	0	22	0	117	
79	3	20	0	19	0	112	
77	2	15	0	16	0	121	
67	0	12	0	18	0	138	
69	2	17	0	10	0	117	
74	5	20	0	16	0	110	
69	1	14	0	22	0	121	
69	5	15	0	15	0	122	
61	2	7	0	24	0	116	
75	3	14	0	22	0	128	
58	1	25	0	13	0	115	
84	2	16	0	15	0	114	
67	3	15	0	17	0	131	
51	3	12	0	21	0	119	
61	4	12	0	10	0	116	
74	1	8	0	17	0	129	
69	1	13	0	20	0	122	
69	4	12	0	31	0	125	
64	2	14	0	21	0	115	
60	2	13	0	22	0	138	
76	3	8	0	18	0	131	
78	5	14	0	15	0	136	
63	3	12	0	11	0	119	
67	0	21	0	20	0	115	
61	1	18	0	22	0	130	
79	3	12	0	16	0	125	
63	1	17	0	22	0	135	
61	1	11	0	16	0	106	
79	1	11	0	16	0	131	
57	4	13	0	16	0	114	
68	3	23	0	19	0	99	
61	2	11	0	17	0	125	
75	3	12	0	22	0	131	
81	4	16	0	18	0	121	
70	3	12	0	11	0	130	
66	4	20	0	18	0	107	
70	6	16	0	13	0	130	
52	2	17	0	14	0	117	
52	3	22	0	20	0	101	
63	1	15	0	17	0	111	
68	2	11	0	15	0	105	
69	7	21	0	20	0	111	
61	6	13	0	10	0	129	
68	2	15	0	20	0	113	
66	4	13	0	20	0	109	
69	4	14	0	21	0	130	
69	2	17	0	18	0	130	
69	5	18	0	17	0	120	
55	2	15	0	14	0	123	
70	3	14	0	15	0	140	
63	2	18	0	16	0	118	
71	3	22	0	11	0	136	
79	1	19	0	15	0	125	
58	2	14	0	17	0	118	
73	5	13	0	28	0	118	
77	2	16	0	9	0	116	
45	4	15	0	26	0	124	
63	4	17	0	9	0	117	
58	3	11	0	25	0	117	
61	3	12	0	19	0	128	
66	4	18	0	14	0	119	
62	2	22	0	15	0	134	
52	2	21	0	15	0	153	
56	3	17	0	28	0	151	
57	2	19	0	18	0	112	
82	2	15	0	15	0	112	
77	5	10	0	24	0	136	
72	5	14	0	14	0	131	
54	3	15	0	17	0	128	
58	2	17	0	19	0	130	
74	1	12	0	18	0	122	
71	2	16	0	15	0	118	
67	2	13	0	19	0	115	
58	5	12	0	18	0	112	
72	1	13	0	15	0	130	
73	1	18	0	16	0	141	
54	1	11	0	18	0	116	
68	1	9	0	26	0	126	
67	3	17	0	15	0	134	
73	2	17	0	16	0	111	
65	0	18	0	13	0	120	
83	5	29	0	22	0	116	
64	3	13	0	20	0	113	
60	6	10	0	20	0	131	
63	3	25	0	20	0	95	
71	2	17	0	20	0	118	
63	3	18	0	15	0	124	
61	2	17	0	23	0	129	
55	3	18	0	21	0	131	
67	0	11	0	14	0	131	
84	3	10	0	25	0	119	
64	1	25	0	24	0	120	
54	1	9	0	14	0	131	
74	0	9	0	22	0	127	
72	1	11	0	16	0	111	
76	4	18	0	29	0	113	
84	4	11	0	18	0	115	
71	0	18	0	23	0	119	
78	6	13	0	23	0	117	
68	1	17	0	22	0	124	
56	3	14	0	19	0	124	
73	3	10	0	25	0	109	
61	2	12	0	27	0	131	
70	4	17	0	17	0	127	
56	1	14	0	24	0	127	
72	2	7	0	16	0	121	
80	4	17	0	22	0	123	
66	2	14	0	16	0	141	
65	2	17	0	25	0	138	
68	5	22	0	15	0	123	
76	2	15	0	18	0	127	
80	3	14	0	19	0	119	
62	3	15	0	17	0	130	
77	2	15	0	18	0	126	
73	1	15	0	23	0	124	
74	4	20	0	14	0	123	
65	4	16	0	14	0	122	
83	1	16	0	16	0	132	
72	7	16	0	17	0	118	
68	1	14	0	24	0	142	
66	2	20	0	15	0	147	
78	1	9	0	20	0	134	
61	2	15	0	17	0	134	
68	2	12	0	17	0	140	
68	2	13	0	14	0	125	
81	2	21	0	21	0	103	
43	4	10	0	14	0	109	
71	3	24	0	23	0	98	
72	3	16	0	24	0	116	
74	3	10	0	15	0	139	
60	4	9	0	15	0	105	
70	3	10	0	17	0	132	
68	4	17	0	25	0	128	
59	5	11	0	19	0	120	
60	1	13	0	27	0	119	
63	2	15	0	25	0	121	
65	3	20	0	21	0	108	
63	2	15	0	23	0	109	
71	4	15	0	16	0	133	
63	1	19	0	15	0	125	
71	2	14	0	14	0	130	
63	2	14	0	13	0	121	
89	3	13	0	19	0	110	
71	2	18	0	15	0	123	
69	0	15	0	19	0	129	
51	3	14	0	19	0	116	
74	8	12	0	20	0	131	
60	9	14	0	31	0	130	
56	2	16	0	14	0	131	
57	2	16	0	20	0	132	
60	2	14	0	20	0	120	
63	5	19	0	12	0	118	
62	4	21	0	21	0	118	
90	4	18	0	14	0	116	
83	2	16	0	17	0	122	
72	1	14	0	17	0	120	
76	6	8	0	17	0	126	
76	5	22	0	13	0	138	
70	3	11	0	23	0	119	
58	3	17	0	10	0	144	
64	2	17	0	17	0	125	
65	3	13	0	13	0	118	
67	3	22	0	17	0	106	
78	3	12	0	26	0	118	
59	2	15	0	14	0	134	
78	2	19	0	12	0	124	
73	1	23	0	26	0	140	
76	2	12	0	16	0	111	
62	2	19	0	13	0	108	
75	4	14	0	22	0	130	
47	4	12	0	21	0	98	
67	2	15	0	19	0	121	
68	5	12	0	23	0	130	
79	7	15	0	15	0	106	
62	1	10	0	22	0	115	
76	1	11	0	20	0	103	
52	3	15	0	16	0	123	
67	2	19	0	16	0	130	
69	0	12	0	22	0	121	
64	2	13	0	16	0	110	
57	4	19	0	24	0	99	
67	4	14	0	15	0	114	
76	4	15	0	13	0	122	
53	4	12	0	20	0	123	
69	2	13	0	20	0	130	
48	5	13	0	20	0	127	
72	3	11	0	19	0	130	
71	3	15	0	22	0	114	
73	3	13	0	14	0	126	
54	1	15	0	21	0	118	
70	1	12	0	20	0	123	
66	5	17	0	22	0	114	
72	4	14	0	25	0	127	
67	2	14	0	20	0	122	
67	3	12	0	14	0	107	
71	1	19	0	8	0	111	
70	4	13	0	18	0	148	
63	2	17	0	14	0	112	
66	2	10	0	17	0	110	
58	2	11	0	22	0	131	
66	3	19	0	20	0	93	
69	4	12	0	19	0	117	
65	2	11	0	16	0	132	
55	0	14	0	23	0	121	
81	3	18	0	23	0	115	
88	0	16	0	22	0	119	
61	1	14	0	19	0	118	
66	5	17	0	20	0	120	
69	4	21	0	19	0	144	
58	5	19	0	21	0	117	
59	4	12	0	20	0	142	
64	2	12	0	25	0	115	
60	0	18	0	24	0	115	
79	5	16	0	17	0	122	
82	3	16	0	14	0	115	
77	3	13	0	14	0	108	
73	2	13	0	27	0	119	
60	3	15	0	20	0	115	
68	4	15	0	19	0	137	
64	2	18	0	18	0	114	
58	3	9	0	16	0	144	
74	3	16	0	18	0	125	
57	2	10	0	22	0	116	
63	4	13	0	17	0	122	
61	3	14	0	18	0	124	
63	1	18	0	16	0	137	
71	4	11	0	13	0	116	
69	0	12	0	17	0	107	
65	2	11	0	22	0	125	
66	3	13	0	16	0	121	
61	4	12	0	17	0	119	
71	3	18	0	19	0	132	
67	2	13	0	25	0	125	
84	2	15	0	15	0	147	
61	1	8	0	23	0	128	
70	4	11	0	14	0	117	
67	4	17	0	20	0	137	
56	4	19	0	19	0	121	
77	1	14	0	22	0	126	
75	3	12	0	15	0	113	
70	5	20	0	22	0	109	
61	2	12	0	18	0	123	
49	3	17	0	9	0	120	
71	4	9	0	21	0	127	
65	2	13	0	18	0	101	
55	1	18	0	26	0	118	
73	2	27	0	15	0	116	
68	1	15	0	21	0	108	
83	4	19	0	10	0	134	
76	5	11	0	13	0	122	
57	1	19	0	16	0	126	
61	1	18	0	23	0	105	
70	4	22	0	11	0	133	
64	3	15	0	25	0	125	
60	1	16	0	18	0	110	
66	5	12	0	26	0	122	
41	3	10	0	13	0	128	
68	2	17	0	15	0	138	
68	5	11	0	18	0	120	
74	4	9	0	14	0	114	
67	3	19	0	14	0	108	
67	5	14	0	18	0	128	
76	2	13	0	20	0	130	
67	2	10	0	18	0	132	
62	1	19	0	15	0	109	
68	3	18	0	15	0	130	
79	1	21	0	30	0	140	
59	1	9	0	14	0	116	
74	6	17	0	15	0	125	
84	1	14	0	24	0	130	
72	0	8	0	11	0	129	
68	4	18	0	20	0	117	
49	2	15	0	22	0	95	
67	2	13	0	11	0	118	
71	8	16	0	18	0	105	
78	2	16	0	17	0	97	
58	2	15	0	18	0	108	
74	3	14	0	20	0	112	
67	4	17	0	16	0	114	
77	2	20	0	17	0	124	
71	1	15	0	15	0	125	
73	1	13	0	20	0	137	
67	3	17	0	15	0	120	
69	2	19	0	29	0	115	
70	0	8	0	19	0	112	
60	0	16	0	17	0	121	
74	5	10	0	22	0	126	
62	3	13	0	14	0	124	
72	2	19	0	18	0	112	
77	1	22	0	22	0	109	
73	5	16	0	16	0	130	
76	4	23	0	19	0	119	
63	1	15	0	18	0	132	
69	1	15	0	18	0	114	
72	5	18	0	15	0	108	
63	2	15	0	23	0	114	
75	8	13	0	13	0	139	
70	6	17	0	24	0	120	
64	4	17	0	21	0	120	
72	2	14	0	21	0	128	
59	3	17	0	14	0	116	
74	1	13	0	15	0	131	
70	0	18	0	20	0	102	
67	3	22	0	22	0	136	
71	4	15	0	14	0	125	
69	1	12	0	26	0	121	
65	4	16	0	19	0	125	
80	4	12	0	14	0	129	
70	4	6	0	18	0	110	
72	1	13	0	17	0	131	
60	2	16	0	19	0	127	
72	3	22	0	19	0	123	
67	1	16	0	15	0	138	
73	6	19	0	13	0	136	
54	4	10	0	23	0	113	
75	4	15	0	23	0	117	
84	0	8	0	29	0	109	
68	5	15	0	8	0	100	
76	2	15	0	20	0	132	
71	5	17	0	12	0	137	
82	2	10	0	18	0	116	
63	1	13	0	19	0	116	
77	1	13	0	23	0	128	
61	3	11	0	10	0	110	
69	2	14	0	12	0	120	
61	2	11	0	11	0	107	
55	1	11	0	13	0	116	
72	1	17	0	21	0	125	
56	2	17	0	19	0	131	
56	1	15	0	18	0	110	
70	3	14	0	18	0	134	
81	1	11	0	13	0	128	
49	4	10	0	18	0	126	
72	1	13	0	27	0	130	
69	1	15	0	20	0	111	
67	3	18	0	13	0	141	
65	2	11	0	14	0	116	
73	3	9	0	10	0	154	
69	2	15	0	23	0	129	
77	2	13	0	21	0	122	
68	5	14	0	22	0	98	
80	1	15	0	15	0	132	
73	7	5	0	17	0	137	
77	0	20	0	15	0	117	
65	4	21	0	10	0	130	
57	2	15	0	16	0	145	
71	4	17	0	21	0	144	
76	0	9	0	9	0	99	
69	3	13	0	20	0	128	
79	2	13	0	16	0	136	
74	3	14	0	21	0	112	
57	2	15	0	16	0	138	
72	2	15	0	27	0	123	
64	3	16	0	25	0	143	
82	1	15	0	18	0	142	
60	5	17	0	14	0	119	
76	5	13	0	23	0	124	
60	3	12	0	18	0	123	
71	7	17	0	14	0	121	
74	1	17	0	22	0	131	
82	1	8	0	28	0	129	
74	2	19	0	8	0	123	
64	6	16	0	19	0	126	
84	0	14	0	16	0	111	
66	3	15	0	23	0	106	
58	5	13	0	12	0	118	
52	4	12	0	19	0	129	
83	2	20	0	18	0	108	
80	3	28	0	21	0	118	
81	4	15	0	12	0	127	
72	2	14	0	22	0	125	
58	0	18	0	29	0	123	
67	4	15	0	18	0	121	
60	7	22	0	20	0	137	
77	5	19	0	20	0	136	
77	5	13	0	24	0	113	
73	4	7	0	19	0	115	
70	1	14	0	23	0	118	
78	3	6	0	22	0	123	
51	4	18	0	18	0	137	
61	3	14	0	21	0	113	
62	3	17	0	20	0	125	
67	3	19	0	13	0	115	
81	1	25	0	16	0	116	
73	5	18	0	17	0	112	
73	2	16	0	12	0	114	
63	6	16	0	15	0	121	
62	2	14	0	26	0	130	
52	4	12	0	25	0	134	
69	0	13	0	19	0	112	
64	3	18	0	23	0	113	
83	5	16	0	19	0	130	
69	4	16	0	22	0	108	
87	1	14	0	20	0	140	
72	1	9	0	21	0	140	
73	3	16	0	16	0	123	
63	3	19	0	21	0	123	
61	3	15	0	22	0	133	
65	6	13	0	16	0	134	
67	5	21	0	14	0	143	
69	1	8	0	27	0	136	
62	3	12	0	19	0	111	
60	2	10	0	22	0	121	
91	3	16	0	22	0	137	
51	2	18	0	15	0	118	
79	6	7	0	24	0	130	
65	2	17	0	20	0	104	
69	4	11	0	16	0	104	
79	4	5	0	17	0	129	
57	0	16	0	19	0	132	
83	4	11	0	16	0	110	
58	4	19	0	16	0	117	
69	3	19	0	17	0	120	
79	2	15	0	17	0	123	
58	4	14	0	14	0	108	
80	4	11	0	17	0	111	
66	2	16	0	21	0	104	
66	1	26	0	12	0	122	
63	2	20	0	16	0	114	
80	3	16	0	12	0	135	
74	2	14	0	19	0	124	
71	2	20	0	14	0	116	
75	3	17	0	18	0	118	
75	3	18	0	20	0	121	
67	1	16	0	20	0	133	
70	2	19	0	15	0	140	
74	2	15	0	24	0	126	
59	5	20	0	21	0	142	
73	3	23	0	26	0	122	
72	3	17	0	23	0	116	
63	4	11	0	22	0	121	
77	6	13	0	17	0	107	
72	3	15	0	27	0	97	
68	2	10	0	20	0	114	
72	3	14	0	13	0	118	
59	5	12	0	12	0	121	
54	0	19	0	16	0	115	
85	3	16	0	27	0	121	
73	2	15	0	20	0	110	
63	2	18	0	21	0	126	
71	0	18	0	22	0	110	
68	5	14	0	19	0	122	
80	5	25	0	24	0	147	
70	4	19	0	11	0	131	
67	3	8	0	26	0	123	
61	4	14	0	18	0	144	
84	2	13	0	17	0	138	
57	5	17	0	26	0	132	
70	0	19	0	19	0	113	
60	1	21	0	17	0	135	
71	3	19	0	20	0	105	
74	4	16	0	24	0	140	
74	2	18	0	22	0	122	
92	4	22	0	12	0	129	
57	4	12	0	24	0	127	
70	0	14	0	23	0	136	
75	4	14	0	23	0	125	
66	3	19	0	11	0	118	
79	2	20	0	18	0	118	
78	1	23	0	19	0	139	
61	1	15	0	17	0	127	
70	2	19	0	20	0	148	
45	4	16	0	16	0	119	
66	2	17	0	20	0	138	
68	3	14	0	24	0	123	
81	3	16	0	20	0	109	
58	4	18	0	19	0	106	
66	7	16	0	15	0	129	
74	3	10	0	16	0	115	
76	4	14	0	28	0	120	
78	3	11	0	9	0	143	
77	2	11	0	14	0	129	
61	3	15	0	17	0	126	
65	3	17	0	15	0	123	
59	7	13	0	12	0	112	
55	5	19	0	18	0	95	
83	2	18	0	20	0	138	
70	2	22	0	13	0	113	
68	2	19	0	18	0	128	
80	4	15	0	16	0	117	
70	4	17	0	13	0	134	
54	2	18	0	12	0	112	
74	5	14	0	22	0	126	
68	4	14	0	24	0	123	
69	3	11	0	22	0	131	
61	1	10	0	30	0	145	
79	3	15	0	15	0	123	
68	4	16	0	24	0	130	
82	2	7	0	27	0	137	
66	1	21	0	16	0	124	
77	7	12	0	22	0	144	
64	5	13	0	21	0	142	
79	2	19	0	16	0	129	
88	4	19	0	16	0	126	
68	4	19	0	19	0	115	
79	0	19	0	25	0	132	
75	4	13	0	12	0	119	
69	2	17	0	23	0	135	
80	1	15	0	16	0	139	
64	3	8	0	21	0	112	
80	4	22	0	20	0	128	
79	3	10	0	21	0	129	
63	4	22	0	25	0	105	
63	4	8	0	18	0	122	
76	3	22	0	18	0	130	
78	4	10	0	24	0	123	
69	3	18	0	13	0	112	
68	2	19	0	12	0	108	
80	2	14	0	18	0	118	
68	2	20	0	17	0	133	
75	6	16	0	19	0	117	
69	1	19	0	19	0	130	
66	4	17	0	15	0	130	
75	2	18	0	26	0	131	
74	0	16	0	15	0	141	
66	1	18	0	27	0	107	
73	7	19	0	24	0	114	
64	4	14	0	23	0	98	
59	2	15	0	22	0	115	
66	0	18	0	30	0	123	
55	4	15	0	21	0	124	
67	2	9	0	18	0	103	
69	5	14	0	22	0	111	
58	1	14	0	13	0	107	
66	3	16	0	13	0	145	
64	1	15	0	27	0	119	
59	5	17	0	13	0	138	
77	6	20	0	18	0	108	
82	6	18	0	14	0	136	
62	2	12	0	15	0	145	
72	5	21	0	19	0	113	
64	3	13	0	16	0	121	
70	1	21	0	22	0	121	
65	3	15	0	18	0	132	
92	2	20	0	23	0	133	
68	2	15	0	19	0	128	
84	1	14	0	22	0	108	
75	4	15	0	18	0	125	
77	2	7	0	19	0	132	
64	5	16	0	14	0	134	
58	1	20	0	25	0	139	
70	3	14	0	31	0	122	
81	2	11	0	16	0	126	
64	6	19	0	20	0	128	
63	5	21	0	15	0	116	
66	2	10	0	22	0	142	
75	4	19	0	20	0	135	
84	3	10	0	16	0	140	
55	7	13	0	21	0	136	
70	4	20	0	19	0	105	
76	2	20	0	22	0	101	
54	3	15	0	16	0	132	
72	4	12	0	22	0	129	
78	4	17	0	10	0	135	
76	3	13	0	19	0	119	
77	2	20	0	19	0	125	
69	5	23	0	13	0	122	
68	1	7	0	19	0	120	
64	3	23	0	22	0	116	
57	4	10	0	21	0	106	
75	4	16	0	18	0	136	
53	2	18	0	23	0	136	
74	4	24	0	18	0	110	
76	0	19	0	16	0	111	
77	1	18	0	14	0	132	
64	2	15	0	22	0	121	
68	2	17	0	14	0	130	
72	2	13	0	19	0	123	
78	3	12	0	15	0	130	
66	2	19	0	27	0	92	
69	1	25	0	22	0	119	
74	7	14	0	14	0	125	
77	2	21	0	20	0	128	
67	1	9	0	14	0	133	
58	4	23	0	19	0	105	
69	2	17	0	8	0	121	
84	3	17	0	18	0	134	
69	3	9	0	19	0	136	
71	1	8	0	11	0	119	
72	5	20	0	17	0	128	
68	1	13	0	19	0	143	
81	2	13	0	17	0	116	
68	3	13	0	22	0	145	
70	5	19	0	19	0	103	
82	2	13	0	16	0	110	
79	3	13	0	21	0	128	
59	2	14	0	26	0	132	
85	2	21	0	21	0	129	
69	2	10	0	17	0	133	
70	2	14	0	18	0	109	
78	4	19	0	18	0	149	
55	3	14	0	20	0	121	
68	3	17	0	18	0	141	
57	4	21	0	12	0	107	
67	5	15	0	18	0	121	
79	2	16	0	20	0	103	
58	4	17	0	19	0	131	
72	1	11	0	15	0	99	
69	3	11	0	18	0	113	
76	3	22	0	18	0	109	
69	1	16	0	15	0	118	
66	2	17	0	11	0	140	
58	4	11	0	22	0	112	
60	2	16	0	16	0	120	
74	3	13	0	16	0	115	
76	5	18	0	18	0	129	
69	1	15	0	20	0	111	
63	4	15	0	19	0	131	
56	2	14	0	19	0	118	
72	5	15	0	15	0	128	
67	2	15	0	14	0	124	
69	3	10	0	19	0	149	
69	4	10	0	24	0	116	
86	1	18	0	16	0	116	
80	3	20	0	22	0	96	
77	3	12	0	18	0	142	
81	3	6	0	20	0	131	
59	4	13	0	16	0	142	
60	1	9	0	17	0	125	
70	2	15	0	19	0	140	
65	2	12	0	21	0	123	
84	4	24	0	14	0	107	
75	2	17	0	14	0	115	
77	0	11	0	30	0	137	
78	3	12	0	19	0	127	
69	1	20	0	21	0	106	
68	2	10	0	24	0	132	
68	3	15	0	16	0	156	
60	0	17	0	23	0	129	
71	2	15	0	14	0	131	
80	5	11	0	19	0	149	
77	1	16	0	20	0	123	
58	1	15	0	21	0	121	
75	5	13	0	16	0	138	
73	2	14	0	18	0	141	
70	4	15	0	19	0	110	
66	3	8	0	25	0	108	
78	2	15	0	11	0	124	
67	4	13	0	19	0	114	
67	4	15	0	20	0	140	
73	6	23	0	18	0	126	
77	5	14	0	12	0	102	
67	0	15	0	18	0	114	
77	4	14	0	18	0	147	
80	3	13	0	22	0	129	
68	3	26	0	20	0	121	
64	5	11	0	20	0	109	
76	3	10	0	22	0	141	
79	3	15	0	23	0	109	
75	2	11	0	18	0	106	
60	3	14	0	17	0	125	
61	2	9	0	15	0	127	
64	1	16	0	17	0	119	
74	2	18	0	22	0	120	
59	5	14	0	19	0	141	
88	4	19	0	16	0	123	
66	2	15	0	17	0	123	
71	1	14	0	20	0	130	
77	2	23	0	23	0	128	
80	5	12	0	12	0	125	
75	3	25	0	18	0	133	
69	4	15	0	14	0	143	
74	1	16	0	18	0	118	
78	0	21	0	9	0	124	
72	11	15	0	19	0	112	
70	1	13	0	20	0	126	
57	2	12	0	24	0	132	
79	1	16	0	18	0	119	
56	1	15	0	20	0	122	
65	2	17	0	18	0	128	
68	3	20	0	20	0	119	
61	3	25	0	23	0	114	
71	6	20	0	17	0	141	
69	2	15	0	17	0	155	
68	0	16	0	25	0	119	
71	2	13	0	25	0	123	
64	2	15	0	19	0	119	
73	5	13	0	24	0	106	
56	6	18	0	27	0	104	
73	1	14	0	17	0	128	
54	3	8	0	15	0	132	
52	1	10	0	18	0	128	
84	3	17	0	21	0	126	
71	1	18	0	17	0	118	
72	2	19	0	22	0	117	
82	5	19	0	19	0	111	
63	0	15	0	9	0	133	
80	3	16	0	23	0	143	
80	1	9	0	13	0	143	
56	2	13	0	20	0	121	
83	5	17	0	14	0	117	
69	3	17	0	16	0	133	
59	2	14	0	25	0	137	
60	11	20	0	15	0	142	
80	1	17	0	27	0	126	
58	2	16	0	14	0	143	
64	0	18	0	13	0	112	
68	5	14	0	19	0	112	
71	2	17	0	22	0	130	
73	1	16	0	15	0	134	
77	5	22	0	21	0	125	
63	1	9	0	19	0	122	
83	1	16	0	20	0	103	
79	1	18	0	36	0	100	
74	3	17	0	16	0	136	
47	5	14	0	20	0	127	
84	1	15	0	20	0	100	
75	4	17	0	22	0	110	
84	3	14	0	18	0	137	
69	0	17	0	22	0	130	
70	4	20	0	8	0	122	
58	1	20	0	13	0	116	
72	3	20	0	18	0	118	
58	2	21	0	22	0	111	
63	3	19	0	11	0	114	
67	5	18	0	26	0	120	
60	2	17	0	17	0	118	
60	0	8	0	23	0	124	
74	3	28	0	28	0	140	
60	1	17	0	21	0	122	
75	1	9	0	23	0	120	
64	2	18	0	17	0	147	
78	5	19	0	23	0	126	
59	1	15	0	21	0	127	
73	2	7	0	14	0	132	
66	3	10	0	17	0	100	
59	1	5	0	22	0	124	
62	1	14	0	17	0	107	
72	3	14	0	14	0	136	
77	1	22	0	10	0	137	
91	1	23	0	19	0	147	
59	4	18	0	16	0	124	
80	5	10	0	15	0	117	
69	2	14	0	17	0	117	
73	2	10	0	7	0	156	
59	4	18	0	13	0	125	
70	2	22	0	25	0	129	
60	1	6	0	27	0	134	
58	2	11	0	19	0	128	
62	3	15	0	20	0	122	
67	4	17	0	24	0	120	
66	4	14	0	10	0	117	
81	3	13	0	15	0	142	
71	1	22	0	15	0	137	
71	5	17	0	20	0	117	
67	3	14	0	21	0	118	
68	1	18	0	20	0	122	
78	6	17	0	22	0	146	
69	5	21	0	17	0	124	
67	3	12	0	18	0	136	
68	3	10	0	26	0	129	
75	1	13	0	14	0	147	
64	2	19	0	11	0	131	
73	5	21	0	18	0	116	
56	3	15	0	20	0	109	
71	2	24	0	21	0	105	
62	3	15	0	25	0	120	
65	3	18	0	15	0	109	
74	0	21	0	16	0	124	
69	2	14	0	16	0	132	
69	4	13	0	17	0	128	
72	3	13	0	17	0	131	
67	1	16	0	16	0	121	
68	3	18	0	18	0	135	
70	2	13	0	20	0	119	
57	2	10	0	15	0	127	
58	2	10	0	20	0	120	
83	0	13	0	19	0	145	
59	0	15	0	24	0	133	
71	3	16	0	15	0	124	
73	3	20	0	16	0	120	
65	5	13	0	17	0	115	
63	2	16	0	18	0	123	
86	3	16	0	14	0	153	
79	6	21	0	16	0	131	
80	2	13	0	20	0	113	
70	3	16	0	13	0	149	
82	4	10	0	17	0	119	
75	1	24	0	16	0	107	
65	3	17	0	20	0	133	
68	2	18	0	18	0	135	
63	3	12	0	20	0	124	
77	5	19	0	15	0	142	
90	1	12	0	26	0	121	
77	1	11	0	25	0	117	
80	1	8	0	17	0	119	
71	2	19	0	18	0	124	
69	5	12	0	16	0	118	
71	2	18	0	16	0	135	
60	0	26	0	14	0	149	
68	4	12	0	19	0	136	
67	2	11	0	18	0	125	
83	1	11	0	17	0	127	
89	1	16	0	18	0	114	
74	3	22	0	13	0	104	
68	3	22	0	25	0	123	
65	2	15	0	23	0	133	
71	5	8	0	18	0	112	
59	4	15	0	21	0	116	
75	4	13	0	14	0	123	
75	5	17	0	18	0	123	
77	0	14	0	19	0	137	
65	1	16	0	16	0	119	
53	2	13	0	17	0	142	
75	4	13	0	16	0	130	
73	4	10	0	18	0	123	
79	3	15	0	19	0	125	
69	3	12	0	20	0	117	
80	3	11	0	12	0	129	
84	3	21	0	18	0	116	
62	2	18	0	21	0	132	
79	2	20	0	19	0	124	
81	3	9	0	23	0	142	
88	4	16	0	16	0	112	
54	1	12	0	22	0	138	
53	6	11	0	29	0	127	
78	9	14	0	25	0	124	
67	2	9	0	12	0	106	
80	3	20	0	15	0	118	
84	3	6	0	23	0	113	
95	3	13	0	17	0	136	
64	6	19	0	20	0	147	
67	2	12	0	23	0	120	
53	3	13	0	16	0	129	
67	2	12	0	14	0	107	
73	2	15	0	21	0	127	
61	1	12	0	22	0	135	
73	2	14	0	13	0	113	
83	3	18	0	20	0	126	
73	3	12	0	18	0	127	
73	6	16	0	22	0	124	
65	2	9	0	18	0	135	
79	2	21	0	16	0	130	
57	1	11	0	19	0	111	
86	3	19	0	20	0	134	
73	2	10	0	22	0	120	
61	2	19	0	30	0	149	
66	1	20	0	17	0	126	
68	2	19	0	17	0	130	
64	3	10	0	23	0	118	
82	0	15	0	14	0	142	
85	2	17	0	15	0	131	
68	1	14	0	14	0	123	
70	5	14	0	23	0	112	
66	5	16	0	24	0	131	
63	4	23	0	18	0	141	
90	4	10	0	16	0	128	
70	1	14	0	11	0	122	
83	2	12	0	17	0	132	
67	3	18	0	14	0	107	
89	1	13	0	29	0	126	
63	1	13	0	11	0	125	
62	2	16	0	18	0	117	
79	1	20	0	22	0	129	
68	5	17	0	14	0	117	
70	0	16	0	19	0	102	
89	7	12	0	15	0	148	
72	1	13	0	16	0	149	
81	2	14	0	8	0	125	
93	3	17	0	17	0	113	
72	3	20	0	20	0	118	
70	3	18	0	27	0	149	
70	3	15	0	18	0	114	
78	3	14	0	15	0	136	
66	2	13	0	21	0	125	
78	2	13	0	14	0	122	
76	2	23	0	13	0	152	
81	1	15	0	19	0	137	
63	1	19	0	20	0	131	
83	3	12	0	18	0	99	
81	2	19	0	19	0	125	
58	2	13	0	25	0	128	
80	1	18	0	18	0	129	
74	4	22	0	22	0	130	
73	2	17	0	22	0	126	
68	1	16	0	29	0	138	
77	0	7	0	17	0	129	
62	1	14	0	18	0	125	
65	0	12	0	21	0	124	
86	2	17	0	21	0	127	
61	2	23	0	19	0	121	
61	1	16	0	24	0	135	
64	1	13	0	27	0	143	
69	0	13	0	17	0	115	
70	5	11	0	22	0	134	
76	2	13	0	14	0	131	
71	3	12	0	17	0	135	
74	2	16	0	14	0	128	
63	5	13	0	16	0	125	
65	4	20	0	20	0	135	
58	4	11	0	20	0	133	
82	1	14	0	17	0	127	
74	5	14	0	25	0	129	
74	3	14	0	18	0	117	
77	4	17	0	24	0	122	
73	4	18	0	17	0	112	
84	4	17	0	13	0	126	
65	5	20	0	25	0	120	
72	4	19	0	13	0	128	
76	2	18	0	24	0	124	
72	3	25	0	23	0	118	
75	4	21	0	18	0	118	
82	6	16	0	15	0	126	
75	1	21	0	15	0	118	
80	4	12	0	14	0	117	
88	4	14	0	22	0	116	
56	1	13	0	21	0	155	
65	3	17	0	29	0	116	
62	4	8	0	26	0	143	
73	1	23	0	19	0	133	
70	3	24	0	20	0	126	
80	4	20	0	20	0	112	
73	6	23	0	13	0	131	
57	0	14	0	19	0	114	
78	2	24	0	24	0	127	
78	1	15	0	19	0	125	
79	3	21	0	20	0	115	
69	3	19	0	15	0	120	
84	2	17	0	17	0	130	
65	5	11	0	14	0	120	
68	7	18	0	13	0	112	
56	1	13	0	19	0	145	
66	3	19	0	15	0	129	
65	1	15	0	27	0	132	
61	5	9	0	20	0	124	
75	5	14	0	24	0	136	
75	7	16	0	8	0	111	
75	3	22	0	19	0	135	
62	1	13	0	21	0	146	
85	3	13	0	25	0	131	
67	4	14	0	19	0	115	
66	7	20	0	15	0	117	
76	1	22	0	19	0	142	
78	2	18	0	21	0	134	
71	5	16	0	20	0	111	
50	2	14	0	16	0	127	
64	4	18	0	29	0	133	
61	5	19	0	23	0	140	
70	2	13	0	20	0	110	
79	2	12	0	25	0	124	
70	2	19	0	22	0	119	
91	1	18	0	20	0	133	
74	2	21	0	14	0	140	
69	3	25	0	29	0	137	
78	3	13	0	20	0	139	
74	2	15	0	20	0	124	
71	2	16	0	19	0	124	
75	1	19	0	15	0	134	
64	2	15	0	16	0	121	
71	5	14	0	25	0	118	
66	3	16	0	19	0	119	
87	0	16	0	17	0	123	
61	3	22	0	23	0	107	
74	1	17	0	22	0	140	
74	2	11	0	17	0	130	
85	4	19	0	18	0	129	
61	2	18	0	22	0	110	
84	3	15	0	17	0	136	
71	2	16	0	21	0	118	
59	4	25	0	23	0	122	
78	3	9	0	19	0	130	
77	3	11	0	20	0	141	
66	0	20	0	26	0	123	
85	4	11	0	20	0	122	
81	1	19	0	26	0	122	
70	2	13	0	14	0	127	
75	0	12	0	27	0	123	
64	2	18	0	24	0	129	
71	4	9	0	24	0	135	
74	4	18	0	20	0	116	
87	1	14	0	18	0	125	
67	4	13	0	20	0	123	
94	7	12	0	20	0	118	
77	2	21	0	31	0	118	
73	2	18	0	22	0	120	
76	3	16	0	13	0	120	
93	5	11	0	16	0	144	
83	1	13	0	17	0	113	
68	1	20	0	17	0	137	
78	3	13	0	14	0	130	
76	2	11	0	22	0	114	
56	2	22	0	25	0	136	
77	1	8	0	27	0	125	
76	3	15	0	19	0	123	
88	2	24	0	16	0	132	
75	5	16	0	17	0	146	
75	1	12	0	15	0	120	
70	3	13	0	16	0	117	
74	5	19	0	23	0	150	
74	5	13	0	17	0	149	
81	4	14	0	20	0	113	
79	2	13	0	20	0	136	
77	3	13	0	25	0	130	
72	2	12	0	23	0	141	
76	2	16	0	23	0	129	
62	2	21	0	18	0	130	
72	0	13	0	18	0	129	
71	4	14	0	23	0	118	
66	2	16	0	18	0	123	
67	3	17	0	16	0	135	
68	1	17	0	28	0	105	
83	6	14	0	23	0	121	
51	3	13	0	17	0	146	
69	2	11	0	17	0	112	
62	1	9	0	20	0	134	
69	3	16	0	21	0	107	
66	3	22	0	13	0	140	
56	2	10	0	15	0	140	
74	1	15	0	21	0	110	
74	3	19	0	10	0	135	
66	3	17	0	24	0	110	
69	4	20	0	21	0	119	
78	2	12	0	20	0	122	
71	3	15	0	15	0	126	
62	3	14	0	22	0	137	
69	3	20	0	23	0	122	
67	5	8	0	20	0	117	
64	2	11	0	18	0	140	
80	2	22	0	16	0	141	
58	3	19	0	16	0	128	
70	4	15	0	22	0	122	
86	2	19	0	20	0	130	
90	3	22	0	14	0	119	
67	3	12	0	24	0	129	
74	2	15	0	20	0	117	
69	2	17	0	22	0	122	
72	3	10	0	22	0	109	
59	1	14	0	19	0	111	
75	4	18	0	21	0	128	
81	4	17	0	19	0	124	
80	2	16	0	22	0	132	
78	3	16	0	21	0	127	
88	4	17	0	14	0	135	
70	1	19	0	19	0	115	
71	5	24	0	30	0	115	
56	2	16	0	17	0	139	
84	3	14	0	10	0	122	
68	4	23	0	9	0	142	
78	3	10	0	20	0	145	
72	2	13	0	10	0	124	
85	1	17	0	19	0	131	
70	1	19	0	22	0	118	
72	3	17	0	23	0	132	
78	1	18	0	16	0	141	
63	1	17	0	19	0	116	
80	0	21	0	19	0	125	
77	1	17	0	19	0	110	
64	4	8	0	17	0	131	
91	1	17	0	21	0	111	
79	8	21	0	22	0	137	
71	3	8	0	22	0	138	
74	1	11	0	17	0	140	
61	1	18	0	11	0	125	
57	2	11	0	30	0	123	
91	1	14	0	20	0	150	
90	2	17	0	17	0	122	
86	6	14	0	12	0	114	
80	1	17	0	24	0	133	
60	0	16	0	21	0	150	
68	2	15	0	15	0	143	
91	3	15	0	11	0	125	
68	5	24	0	22	0	136	
62	4	12	0	19	0	132	
63	7	12	0	23	0	128	
84	1	15	0	18	0	121	
68	2	20	0	22	0	104	
62	5	18	0	16	0	125	
74	5	14	0	16	0	130	
80	2	16	0	17	0	127	
68	4	17	0	12	0	133	
64	3	12	0	19	0	120	
66	3	15	0	17	0	121	
86	3	12	0	13	0	132	
73	5	16	0	21	0	117	
58	3	21	0	20	0	124	
62	2	19	0	16	0	112	
60	3	7	0	21	0	114	
70	5	14	0	22	0	144	
89	4	21	0	26	0	136	
72	2	16	0	19	0	120	
75	4	13	0	21	0	135	
66	5	18	0	18	0	120	
72	3	9	0	17	0	119	
79	3	19	0	22	0	130	
89	0	13	0	18	0	160	
85	3	19	0	22	0	125	
68	3	16	0	22	0	121	
56	3	13	0	24	0	123	
62	5	13	0	17	0	126	
73	2	20	0	16	0	128	
73	4	9	0	23	0	143	
65	3	23	0	13	0	127	
80	4	23	0	20	0	120	
80	2	14	0	19	0	120	
83	3	12	0	19	0	127	
78	5	18	0	13	0	106	
61	1	19	0	19	0	134	
81	0	12	0	17	0	121	
73	1	12	0	18	0	116	
73	5	20	0	20	0	123	
69	0	22	0	14	0	116	
77	1	19	0	14	0	139	
96	6	14	0	23	0	140	
84	4	13	0	23	0	133	
72	0	19	0	25	0	124	
70	0	9	0	21	0	123	
68	6	11	0	24	0	110	
62	1	8	0	21	0	132	
69	1	10	0	21	0	129	
75	3	11	0	18	0	142	
73	2	14	0	14	0	120	
81	2	19	0	19	0	138	
67	3	11	0	27	0	138	
73	4	12	0	20	0	132	
80	1	11	0	21	0	143	
87	3	16	0	17	0	125	
82	2	14	0	18	0	140	
79	0	15	0	23	0	128	
89	3	13	0	19	0	124	
80	4	12	0	23	0	126	
67	4	21	0	23	0	124	
92	0	12	0	21	0	135	
60	2	13	0	20	0	125	
74	1	12	0	14	0	130	
89	3	10	0	16	0	151	
63	7	17	0	16	0	135	
69	3	16	0	19	0	101	
76	3	24	0	24	0	106	
75	2	17	0	26	0	157	
65	6	15	0	20	0	108	
59	2	19	0	27	0	150	
64	1	13	0	24	0	125	
84	5	13	0	18	0	165	
90	2	19	0	18	0	128	
72	2	9	0	16	0	134	
83	3	14	0	22	0	111	
70	1	16	0	29	0	120	
84	3	14	0	28	0	132	
72	4	15	0	17	0	124	
70	1	12	0	19	0	122	
84	4	17	0	21	0	129	
78	2	16	0	26	0	130	
61	1	18	0	19	0	141	
76	0	25	0	15	0	147	
84	2	9	0	24	0	133	
85	2	16	0	14	0	120	
66	4	12	0	21	0	129	
68	4	17	0	18	0	142	
60	7	19	0	25	0	130	
68	5	14	0	22	0	126	
73	2	14	0	19	0	121	
74	6	8	0	13	0	128	
78	2	7	0	19	0	142	
89	2	11	0	19	0	130	
68	3	11	0	16	0	147	
80	1	21	0	21	0	115	
61	1	17	0	25	0	116	
85	4	19	0	18	0	129	
73	2	21	0	15	0	139	
82	0	11	0	27	0	142	
65	1	21	0	25	0	138	
76	1	23	0	19	0	129	
73	7	25	0	22	0	147	
81	3	21	0	21	0	115	
82	4	18	0	25	0	128	
81	2	19	0	17	0	149	
78	2	22	0	15	0	137	
75	5	13	0	22	0	130	
81	4	15	0	29	0	133	
66	2	24	0	23	0	133	
64	5	11	0	21	0	135	
74	6	19	0	21	0	110	
80	1	15	0	19	0	133	
71	1	16	0	11	0	139	
67	6	25	0	21	0	148	
81	0	16	0	14	0	122	
82	1	18	0	20	0	150	
82	1	21	0	28	0	124	
61	2	22	0	20	0	125	
89	3	15	0	11	0	128	
71	1	12	0	25	0	126	
80	2	13	0	14	0	117	
69	2	15	0	16	0	133	
80	4	17	0	15	0	127	
79	3	17	0	19	0	136	
79	3	13	0	18	0	143	
71	2	27	0	16	0	132	
77	2	17	0	21	0	130	
90	2	14	0	21	0	119	
80	2	10	0	19	0	135	
74	4	15	0	25	0	159	
74	5	22	0	21	0	129	
67	4	20	0	15	0	124	
89	5	21	0	12	0	134	
79	4	22	0	20	0	127	
67	1	10	0	20	0	126	
78	3	15	0	16	0	135	
82	2	24	0	17	0	134	
87	1	13	0	14	0	130	
84	2	17	0	20	0	150	
80	2	17	0	25	0	137	
70	4	32	0	20	0	120	
53	3	13	0	16	0	129	
70	3	18	0	20	0	123	
78	1	23	0	19	0	126	
86	3	19	0	32	0	158	
80	1	23	0	28	0	156	
90	3	17	0	17	0	115	
81	1	16	0	23	0	145	
72	1	16	0	25	0	142	
72	1	18	0	18	0	127	
70	3	24	0	22	0	159	
74	5	12	0	20	0	118	
78	5	15	0	26	0	134	
67	2	19	0	20	0	127	
66	2	16	0	15	0	145	
78	6	16	0	17	0	133	
92	0	15	0	17	0	119	
71	2	15	0	21	0	130	
72	3	14	0	19	0	127	
62	0	18	0	18	0	119	
71	7	12	0	14	0	147	
75	2	18	0	22	0	142	
67	2	12	0	21	0	126	
82	2	17	0	24	0	117	
83	0	12	0	27	0	124	
87	4	12	0	33	0	139	
63	0	23	0	20	0	121	
91	5	11	0	25	0	129	
66	3	20	0	17	0	129	
83	1	21	0	14	0	127	
78	1	19	0	23	0	136	
73	1	11	0	19	0	130	
84	1	17	0	7	0	106	
83	1	15	0	18	0	132	
78	3	23	0	26	0	126	
80	2	12	0	20	0	133	
76	4	14	0	22	0	138	
65	5	19	0	26	0	113	
76	2	10	0	20	0	169	
77	4	20	0	16	0	129	
63	4	17	0	10	0	142	
70	3	14	0	23	0	150	
80	1	16	0	24	0	128	
93	1	13	0	21	0	115	
86	1	16	0	22	0	124	
76	1	22	0	19	0	130	
85	0	17	0	24	0	140	
74	2	15	0	14	0	129	
82	5	13	0	20	0	160	
67	1	20	0	17	0	121	
82	2	18	0	16	0	125	
79	3	6	0	24	0	128	
67	2	21	0	13	0	121	
86	2	20	0	23	0	146	
75	1	14	0	25	0	122	
87	1	9	0	21	0	133	
79	4	29	0	24	0	116	
72	4	21	0	16	0	134	
69	2	14	0	20	0	143	
89	1	11	0	19	0	154	
81	3	15	0	21	0	130	
61	0	17	0	20	0	126	
74	3	18	0	25	0	111	
71	1	21	0	21	0	134	
68	4	9	0	23	0	129	
76	1	15	0	20	0	144	
89	3	13	0	17	0	126	
78	5	12	0	17	0	144	
59	3	17	0	22	0	120	
80	3	21	0	22	0	130	
90	4	22	0	18	0	122	
89	2	17	0	27	0	121	
71	2	13	0	12	0	116	
72	0	11	0	15	0	130	
77	4	13	0	19	0	146	
75	3	18	0	20	0	149	
72	3	18	0	16	0	136	
84	2	20	0	19	0	127	
64	1	14	0	30	0	121	
82	4	13	0	14	0	146	
89	1	16	0	19	0	132	
91	2	22	0	26	0	118	
72	4	18	0	16	0	123	
81	5	15	0	23	0	125	
89	7	11	0	17	0	127	
52	2	18	0	17	0	123	
80	4	17	0	14	0	133	
79	1	21	0	19	0	124	
91	1	11	0	14	0	129	
74	2	12	0	20	0	132	
84	4	22	0	15	0	139	
78	1	13	0	23	0	140	
84	5	20	0	33	0	142	
77	2	18	0	22	0	127	
88	4	17	0	24	0	134	
100	1	9	0	17	0	131	
89	4	14	0	20	0	137	
85	1	14	0	19	0	128	
83	2	14	0	20	0	130	
74	2	12	0	20	0	132	
83	3	15	0	21	0	150	
84	1	21	0	21	0	113	
70	0	15	0	22	0	133	
58	3	14	0	19	0	142	
96	2	10	0	15	0	119	
73	4	20	0	19	0	115	
79	8	15	0	15	0	110	
83	2	14	0	20	0	128	
90	6	13	0	21	0	133	
64	4	17	0	20	0	123	
70	1	10	0	18	0	134	
78	3	18	0	22	0	142	
67	2	12	0	23	0	153	
93	3	10	0	18	0	130	
69	3	17	0	21	0	148	
93	5	18	0	18	0	121	
80	4	26	0	20	0	129	
77	3	12	0	26	0	122	
80	4	12	0	14	0	143	
71	2	16	0	28	0	157	
92	3	15	0	25	0	136	
83	2	20	0	19	0	144	
79	1	16	0	26	0	140	
74	3	14	0	19	0	130	
55	3	13	0	17	0	124	
83	4	16	0	22	0	119	
88	4	22	0	20	0	139	
86	1	6	0	29	0	121	
88	2	19	0	20	0	123	
80	3	12	0	23	0	139	
80	2	16	0	19	0	150	
73	1	15	0	18	0	133	
91	3	18	0	28	0	129	
91	3	18	0	31	0	144	
70	4	21	0	19	0	136	
64	3	13	0	18	0	120	
78	5	20	0	24	0	140	
76	4	28	0	21	0	115	
75	2	19	0	21	0	139	
71	1	16	0	20	0	143	
81	1	15	0	23	0	137	
82	2	25	0	22	0	133	
91	4	18	0	23	0	133	
83	6	16	0	17	0	153	
74	3	20	0	14	0	135	
96	3	19	0	22	0	154	
82	1	17	0	23	0	151	
88	4	18	0	20	0	138	
86	3	14	0	20	0	145	
79	4	16	0	24	0	141	
80	3	18	0	20	0	133	
82	3	16	0	34	0	160	
79	2	15	0	22	0	139	
80	2	8	0	22	0	139	
70	4	18	0	20	0	160	
67	2	14	0	18	0	132	
80	2	17	0	23	0	141	
69	5	18	0	26	0	157	
96	1	11	0	18	0	154	
62	1	18	0	18	0	141	
73	2	16	0	16	0	135	
79	1	20	0	20	0	168	
90	2	15	0	22	0	127	
65	6	17	0	19	0	144	
69	3	14	0	22	0	148	
68	3	14	0	19	0	126	
91	7	17	0	24	0	135	
75	6	26	0	23	0	123	
86	3	12	0	19	0	127	
91	2	19	0	16	0	143	
88	4	19	0	22	0	134	
77	4	19	0	20	0	135	
87	0	10	0	20	0	115	
78	5	24	0	31	0	143	
85	1	18	0	13	0	136	
62	0	22	0	21	0	141	
72	4	22	0	18	0	115	
74	4	16	0	22	0	140	
70	2	18	0	28	0	140	
83	5	16	0	22	0	154	
95	0	20	0	22	0	147	
83	1	16	0	25	0	138	
71	2	22	0	20	0	142	
78	0	6	0	18	0	139	
90	4	12	0	18	0	140	
82	3	17	0	17	0	157	
75	2	21	0	22	0	141	
67	4	20	0	25	0	116	
77	1	17	0	25	0	125	
82	2	21	0	31	0	143	
71	3	12	0	23	0	126	
89	2	17	0	19	0	140	
90	4	22	0	27	0	131	
71	4	16	0	20	0	104	
105	4	18	0	19	0	140	
98	1	18	0	19	0	129	
87	0	22	0	21	0	111	
74	4	15	0	17	0	141	
83	2	13	0	20	0	136	
68	4	15	0	22	0	161	
81	3	16	0	20	0	141	
90	3	13	0	18	0	145	
84	4	17	0	26	0	157	
91	2	13	0	8	0	138	
78	1	14	0	19	0	131	
85	4	11	0	26	0	125	
98	5	17	0	22	0	159	
93	1	17	0	22	0	137	
74	2	11	0	26	0	141	
78	2	16	0	22	0	138	
86	2	17	0	35	0	130	
77	5	28	0	26	0	144	
70	2	17	0	20	0	126	
78	2	14	0	24	0	136	
88	6	19	0	13	0	140	
78	3	11	0	23	0	139	
86	1	9	0	13	0	126	
75	0	14	0	24	0	135	
84	4	20	0	18	0	167	
90	1	23	0	25	0	164	
69	0	13	0	21	0	147	
75	5	21	0	19	0	143	
81	3	20	0	18	0	143	
81	5	20	0	17	0	153	
73	2	17	0	26	0	131	
80	2	9	0	13	0	138	
71	3	20	0	19	0	146	
99	1	18	0	22	0	142	
85	2	20	0	16	0	149	
88	3	16	0	23	0	132	
73	3	18	0	17	0	173	
82	3	12	0	24	0	144	
71	2	18	0	17	0	139	
79	3	16	0	17	0	122	
75	1	13	0	22	0	150	
66	1	19	0	22	0	173	
82	1	16	0	27	0	127	
77	3	15	0	32	0	137	
92	1	18	0	21	0	151	
89	3	13	0	32	0	151	
88	3	19	0	24	0	148	
72	2	15	0	19	0	129	
80	4	14	0	13	0	151	
90	2	13	0	18	0	140	
75	3	24	0	27	0	152	
79	4	15	0	12	0	125	
79	1	11	0	19	0	118	
62	2	15	0	17	0	142	
89	1	22	0	20	0	141	
79	4	11	0	20	0	125	
92	3	10	0	17	0	128	
85	2	20	0	22	0	121	
86	2	22	0	21	0	162	
103	0	14	0	24	0	136	
96	3	18	0	19	0	138	
82	5	19	0	18	0	142	
86	3	14	0	16	0	145	
93	1	16	0	28	0	141	
77	3	15	0	25	0	167	
80	3	16	0	23	0	124	
80	3	18	0	23	0	143	
73	5	18	0	23	0	152	
79	1	13	0	26	0	121	
78	1	19	0	21	0	137	
70	5	16	0	20	0	158	
72	1	13	0	28	0	147	
81	2	11	0	18	0	138	
83	3	12	0	21	0	152	
85	4	18	0	30	0	142	
82	3	15	0	22	0	157	
83	4	14	0	27	0	143	
89	2	18	0	14	0	154	
69	2	10	0	16	0	151	
89	2	13	0	19	0	130	
82	4	14	0	23	0	153	
83	0	21	0	18	0	144	
84	2	15	0	22	0	143	
88	3	22	0	20	0	140	
77	2	18	0	18	0	147	
64	1	28	0	22	0	138	
88	5	23	0	22	0	150	
70	1	22	0	16	0	135	
85	3	22	0	21	0	158	
91	2	17	0	18	0	150	
80	0	16	0	24	0	151	
95	2	18	0	29	0	142	
77	3	16	0	16	0	138	
84	4	15	0	26	0	127	
71	3	11	0	21	0	134	
93	1	13	0	23	0	109	
74	1	14	0	29	0	128	
96	4	17	0	10	0	147	
80	2	21	0	25	0	137	
81	0	22	0	19	0	148	
86	4	14	0	17	0	143	
75	3	18	0	21	0	147	
76	0	6	0	17	0	153	
75	2	12	0	20	0	135	
99	2	13	0	22	0	120	
73	2	14	0	18	0	143	
67	2	16	0	17	0	153	
84	2	14	0	28	0	138	
91	1	18	0	16	0	145	
94	7	10	0	10	0	127	
86	3	20	0	17	0	144	
87	1	22	0	23	0	132	
83	1	12	0	19	0	157	
92	1	17	0	27	0	142	
86	4	18	0	10	0	142	
81	0	12	0	25	0	128	
85	3	13	0	24	0	146	
90	2	19	0	17	0	133	
69	4	18	0	22	0	144	
71	1	22	0	27	0	149	
82	1	27	0	17	0	134	
80	3	26	0	15	0	123	
88	2	12	0	16	0	131	
91	2	21	0	20	0	141	
74	5	19	0	17	0	136	
89	3	22	0	14	0	128	
88	2	21	0	22	0	140	
78	4	27	0	20	0	155	
83	0	10	0	20	0	141	
82	1	15	0	18	0	132	
88	5	18	0	16	0	131	
89	3	9	0	28	0	143	
75	4	17	0	22	0	158	
91	3	19	0	18	0	125	
88	3	13	0	25	0	136	
96	2	19	0	26	0	139	
82	4	22	0	26	0	159	
80	2	21	0	19	0	150	
89	1	13	0	18	0	121	
87	0	19	0	17	0	153	
104	0	17	0	22	0	123	
113	0	21	0	23	0	116	
93	1	20	0	22	0	132	
80	4	18	0	19	0	152	
86	3	18	0	27	0	165	
93	4	14	0	22	0	156	
86	2	21	0	27	0	129	
87	3	20	0	24	0	143	
89	4	22	0	22	0	151	
98	1	20	0	22	0	142	
71	2	24	0	28	0	148	
90	4	12	0	14	0	167	
91	7	23	0	27	0	144	
86	2	16	0	24	0	191	
75	6	21	0	19	0	136	
85	3	14	0	25	0	123	
89	3	19	0	19	0	160	
67	2	21	0	21	0	163	
80	2	17	0	16	0	169	
80	0	17	0	32	0	154	
92	3	16	0	24	0	162	
95	5	21	0	17	0	149	
95	1	24	0	19	0	133	
84	3	22	0	22	0	153	
108	1	18	0	20	0	148	
74	2	14	0	24	0	147	
85	2	10	0	11	0	145	
82	2	26	0	18	0	136	
93	6	12	0	23	0	156	
100	4	21	0	19	0	148	
87	4	15	0	22	0	133	
89	1	17	0	14	0	141	
91	3	13	0	18	0	133	
79	1	21	0	14	0	161	
95	3	20	0	20	0	137	
90	3	14	0	10	0	144	
70	5	20	0	20	0	134	
85	3	19	0	24	0	138	
79	3	22	0	29	0	148	
91	2	14	0	19	0	134	
88	4	13	0	25	0	155	
95	2	18	0	27	0	150	
95	0	16	0	21	0	156	
79	5	12	0	20	0	147	
87	1	18	0	23	0	151	
95	4	16	0	23	0	137	
85	6	16	0	17	0	157	
92	2	20	0	18	0	166	
77	2	14	0	28	0	144	
87	2	18	0	31	0	174	
98	1	18	0	23	0	129	
77	2	19	0	22	0	133	
73	4	20	0	19	0	153	
99	2	20	0	24	0	157	
82	2	17	0	26	0	143	
77	1	13	0	18	0	133	
90	2	6	0	18	0	151	
82	1	19	0	19	0	153	
96	1	20	0	18	0	158	
87	2	22	0	25	0	140	
97	4	17	0	13	0	143	
88	5	24	0	33	0	152	
100	4	22	0	28	0	115	
95	4	9	0	21	0	154	
80	2	15	0	17	0	137	
85	3	16	0	30	0	161	
88	2	16	0	20	0	127	
86	1	25	0	21	0	177	
73	6	15	0	23	0	148	
78	5	24	0	15	0	135	
77	4	8	0	23	0	144	
88	5	23	0	24	0	144	
97	2	16	0	22	0	146	
85	2	18	0	28	0	161	
87	3	16	0	26	0	154	
100	0	15	0	26	0	158	
94	0	13	0	20	0	149	
102	3	13	0	28	0	140	
98	1	17	0	25	0	174	
112	6	24	0	25	0	152	
75	6	25	0	27	0	158	
86	2	17	0	19	0	163	
92	4	22	0	20	0	140	
101	2	26	0	24	0	153	
87	2	18	0	29	0	151	
102	4	15	0	27	0	144	
75	3	25	0	27	0	155	
82	3	15	0	25	0	166	
74	2	17	0	14	0	140	
99	2	25	0	27	0	147	
101	1	15	0	27	0	171	
92	7	17	0	28	0	166	
86	3	12	0	23	0	157	
80	2	16	0	22	0	161	
90	2	14	0	21	0	160	
98	0	19	0	24	0	144	
87	4	15	0	20	0	144	
96	0	17	0	22	0	144	
82	6	15	0	32	0	169	
76	3	19	0	21	0	151	
98	3	11	0	22	0	159	
68	4	19	0	16	0	159	
87	3	17	0	30	0	160	
92	2	17	0	24	0	138	
73	3	25	0	32	0	166	
80	8	14	0	20	0	158	
90	2	11	0	26	0	134	
95	3	23	0	23	0	166	
77	2	15	0	14	0	129	
95	5	11	0	21	0	143	
76	2	17	0	18	0	134	
77	0	21	0	21	0	159	
88	0	19	0	14	0	150	
73	2	12	0	26	0	150	
85	2	14	0	31	0	154	
91	2	21	0	37	0	177	
105	2	15	0	27	0	130	
89	3	11	0	19	0	137	
78	1	16	0	20	0	178	
85	2	25	0	22	0	179	
81	2	18	0	20	0	164	
84	4	17	0	23	0	156	
89	4	32	0	21	0	171	
82	5	20	0	23	0	154	
77	1	13	0	18	0	143	
76	4	13	0	18	0	141	
96	4	20	0	19	0	158	
104	4	25	0	23	0	159	
108	2	19	0	30	0	134	
91	3	20	0	19	0	145	
68	3	26	0	33	0	166	
78	1	17	0	18	0	188	
102	5	17	0	13	0	145	
86	2	24	0	16	0	153	
74	0	19	0	24	0	155	
84	7	14	0	28	0	158	
95	5	20	0	20	0	165	
82	2	22	0	4	0	144	
90	2	15	0	25	0	156	
97	2	19	0	26	0	157	
106	5	20	0	24	0	149	
101	5	13	0	17	0	157	
87	2	18	0	24	0	156	
91	5	17	0	20	0	156	
96	1	17	0	21	0	147	
82	1	19	0	15	0	155	
77	2	17	0	22	0	186	
103	3	20	0	25	0	161	
78	3	21	0	23	0	149	
92	4	17	0	24	0	166	
83	1	19	0	18	0	147	
88	3	18	0	28	0	155	
84	3	12	0	20	0	170	
70	1	25	0	21	0	144	
85	1	18	0	28	0	171	
90	1	25	0	22	0	184	
92	5	17	0	22	0	174	
99	4	10	0	28	0	156	
76	2	19	0	25	0	156	
91	4	16	0	26	0	174	
98	0	15	0	20	0	174	
94	3	22	0	19	0	161	
79	3	20	0	20	0	145	
83	3	16	0	24	0	153	
81	2	13	0	24	0	154	
104	1	19	0	26	0	150	
89	3	21	0	11	0	150	
74	1	21	0	17	0	163	
77	2	20	0	29	0	164	
89	0	17	0	24	0	177	
93	4	16	0	23	0	146	
88	4	18	0	20	0	158	
95	2	19	0	23	0	163	
93	3	18	0	26	0	149	
87	4	19	0	19	0	164	
82	3	18	0	30	0	164	
92	1	15	0	30	0	178	
96	0	20	0	18	0	159	
82	2	17	0	27	0	160	
73	2	24	0	22	0	162	
94	3	24	0	19	0	156	
94	1	13	0	24	0	160	
109	2	16	0	25	0	150	
89	3	17	0	22	0	145	
105	6	18	0	24	0	170	
94	3	25	0	21	0	166	
74	3	30	0	30	0	167	
91	1	14	0	14	0	172	
85	4	15	0	28	0	170	
92	3	24	0	18	0	172	
93	4	26	0	29	0	172	
79	4	23	0	27	0	157	
109	2	22	0	19	0	183	
94	2	16	0	36	0	169	
83	6	14	0	18	0	171	
96	3	14	0	18	0	174	
103	4	13	0	28	0	165	
94	0	23	0	22	0	183	
103	6	15	0	27	0	169	
100	2	18	0	16	0	154	
83	1	29	0	24	0	156	
110	1	13	0	29	0	169	
123	1	22	0	23	0	154	
105	1	22	0	13	0	130	
93	4	16	0	27	0	158	
109	2	31	0	26	0	184	
95	3	26	0	24	0	170	
73	1	25	0	23	0	165	
78	4	24	0	27	0	171	
87	1	28	0	22	0	152	
79	2	25	0	22	0	182	
89	8	18	0	18	0	172	
85	2	19	0	20	0	180	
108	4	24	0	27	0	168	
111	4	22	0	29	0	162	
86	4	22	0	16	0	168	
98	4	19	0	15	0	162	
108	6	17	0	27	0	162	
102	5	18	0	27	0	189	
84	4	18	0	25	0	162	
96	6	11	0	21	0	162	
102	3	25	0	17	0	178	
114	2	20	0	26	0	151	
87	4	15	0	15	0	155	
93	1	19	0	22	0	165	
106	4	22	0	22	0	200	
82	2	24	0	24	0	183	
79	1	21	0	27	0	161	
102	6	14	0	17	0	186	
106	3	23	0	17	0	173	
85	4	27	0	22	0	165	
101	2	14	0	31	0	174	
71	3	21	0	22	0	170	
87	5	17	0	23	0	174	
105	2	18	0	30	0	172	
104	3	16	0	14	0	150	
91	3	22	0	28	0	165	
101	1	22	0	30	0	174	
106	5	26	0	23	0	174	
94	5	15	0	26	0	189	
103	2	15	0	19	0	189	
96	1	15	0	29	0	151	
110	2	19	0	29	0	180	
105	3	28	0	25	0	165	
95	3	16	0	27	0	179	
91	4	21	0	24	0	173	
95	4	14	0	20	0	174	
120	7	12	0	27	0	178	
95	1	20	0	15	0	179	
81	2	16	0	21	0	189	
96	2	16	0	22	0	128	
89	2	14	0	28	0	183	
80	5	20	0	13	0	142	
101	2	18	0	25	0	173	
81	5	18	0	27	0	190	
106	1	20	0	15	0	178	
77	3	18	0	12	0	177	
81	3	19	0	27	0	169	
79	6	17	0	24	0	190	
87	2	15	0	19	0	162	
87	3	16	0	18	0	162	
111	7	10	0	16	0	165	
86	1	13	0	28	0	189	
119	2	21	0	22	0	164	
97	1	20	0	20	0	175	
112	7	19	0	19	0	197	
93	1	22	0	23	0	185	
105	3	22	0	28	0	193	
104	2	14	0	23	0	169	
101	3	25	0	32	0	175	
92	2	18	0	22	0	179	
98	4	15	0	28	0	209	
92	5	20	0	22	0	194	
85	5	11	0	17	0	174	
84	2	24	0	25	0	165	
116	5	16	0	29	0	181	
98	3	24	0	25	0	195	
82	5	19	0	21	0	170	
100	0	14	0	26	0	195	
110	3	27	0	21	0	188	
96	1	13	0	38	0	171	
88	3	21	0	23	0	199	
111	2	15	0	21	0	181	
103	3	13	0	30	0	172	
85	1	12	0	29	0	170	
104	0	13	0	17	0	186	
83	4	17	0	22	0	172	
99	1	23	0	25	0	176	
119	0	18	0	27	0	181	
90	4	16	0	24	0	185	
98	1	17	0	23	0	164	
93	3	18	0	24	0	198	
104	2	10	0	23	0	182	
110	2	16	0	30	0	178	
102	3	26	0	24	0	162	
99	2	17	0	28	0	199	
89	4	16	0	20	0	204	
109	4	14	0	29	0	168	
81	4	17	0	35	0	182	
112	2	16	0	24	0	186	
112	2	16	0	17	0	192	
105	2	11	0	14	0	195	
106	5	12	0	19	0	179	
117	2	18	0	22	0	174	
98	1	30	0	24	0	172	
103	2	18	0	18	0	175	
94	1	17	0	13	0	170	
99	5	17	0	23	0	184	
91	5	19	0	18	0	194	
106	0	10	0	22	0	174	
120	3	15	0	14	0	151	
108	5	24	0	23	0	171	
108	3	16	0	28	0	209	
121	2	16	0	20	0	178	
106	4	12	0	23	0	178	
101	7	11	0	23	0	161	
111	1	16	0	12	0	172	
85	4	17	0	26	0	170	
97	1	21	0	26	0	173	
94	3	13	0	12	0	175	
97	1	18	0	28	0	183	
113	5	24	0	29	0	158	
101	3	19	0	20	0	195	
103	2	7	0	23	0	191	
119	1	20	0	26	0	165	
87	2	16	0	24	0	199	
95	2	16	0	18	0	183	
104	3	20	0	33	0	173	
104	4	24	0	21	0	198	
103	4	21	0	17	0	185	
104	5	19	0	20	0	169	
101	4	19	0	19	0	215	
107	2	17	0	22	0	193	
101	3	12	0	16	0	160	
96	4	19	0	28	0	160	
106	2	28	0	19	0	179	
102	1	24	0	29	0	207	
111	5	25	0	30	0	178	
92	4	21	0	24	0	180	
123	3	12	0	28	0	189	
122	1	10	0	29	0	180	
93	3	16	0	16	0	166	
101	5	19	0	27	0	161	
111	2	11	0	21	0	172	
77	4	20	0	19	0	166	
102	2	14	0	14	0	203	
112	4	18	0	20	0	228	
104	1	17	0	27	0	187	
117	1	24	0	21	0	204	
97	6	23	0	23	0	192	
114	3	13	0	22	0	165	
93	4	13	0	25	0	200	
99	2	21	0	20	0	191	
110	3	17	0	25	0	199	
98	6	10	0	29	0	183	
98	4	17	0	16	0	175	
89	3	26	0	25	0	172	
89	2	12	0	19	0	172	
111	1	17	0	19	0	167	
109	3	23	0	13	0	174	
94	1	12	0	24	0	201	
113	6	13	0	27	0	179	
127	4	10	0	26	0	186	
88	2	18	0	20	0	172	
98	5	17	0	26	0	181	
120	3	13	0	34	0	205	
102	4	21	0	26	0	187	
107	2	17	0	22	0	168	
118	3	15	0	19	0	170	
115	5	27	0	21	0	180	
101	3	15	0	20	0	180	
108	3	15	0	19	0	199	
112	2	16	0	21	0	178	
95	3	11	0	16	0	191	
92	3	11	0	27	0	193	
114	3	26	0	16	0	177	
100	3	16	0	22	0	194	
110	3	23	0	21	0	212	
105	2	16	0	19	0	181	
103	2	10	0	17	0	204	
94	3	18	0	19	0	192	
109	4	19	0	18	0	171	
105	0	18	0	32	0	205	
98	8	21	0	10	0	191	
116	1	13	0	13	0	163	
94	5	13	0	21	0	200	
103	2	13	0	26	0	188	
95	5	16	0	10	0	197	
84	2	12	0	23	0	169	
99	4	16	0	19	0	174	
109	5	16	0	32	0	174	
102	4	19	0	22	0	173	
106	1	15	0	21	0	192	
95	1	11	0	22	0	190	
110	4	14	0	31	0	189	
97	4	10	0	20	0	161	
95	2	7	0	19	0	184	
117	2	20	0	20	0	191	
99	3	16	0	10	0	168	
90	4	6	0	24	0	165	
107	2	21	0	12	0	172	
102	1	18	0	28	0	170	
109	1	10	0	18	0	163	
119	0	18	0	21	0	153	
91	2	16	0	22	0	178	
106	2	12	0	23	0	177	
117	1	19	0	16	0	191	
99	0	10	0	19	0	151	
116	1	12	0	19	0	175	
96	3	14	0	19	0	168	
96	4	14	0	13	0	183	
112	1	17	0	20	0	166	
120	2	15	0	17	0	151	
94	2	13	0	22	0	171	
100	2	13	0	20	0	188	
92	1	11	0	8	0	171	
94	1	20	0	14	0	166	
84	3	18	0	18	0	148	
79	3	20	0	24	0	160	
86	3	10	0	24	0	165	
97	2	12	0	13	0	150	
84	2	10	0	19	0	162	
91	7	17	0	15	0	168	
83	5	15	0	15	0	183	
74	3	13	0	15	0	159	
83	2	14	0	20	0	160	
85	3	8	0	20	0	135	
100	2	13	0	12	0	162	
84	3	10	0	16	0	161	
83	4	17	0	21	0	160	
84	1	8	0	15	0	162	
94	3	8	0	18	0	177	
85	4	10	0	15	0	128	
86	1	18	0	12	0	134	
87	6	5	0	13	0	151	
87	4	8	0	19	0	170	
100	3	10	0	15	0	169	
79	0	4	0	19	0	136	
95	6	7	0	17	0	152	
86	8	22	0	19	0	158	
76	1	10	0	16	0	147	
100	6	14	0	21	0	141	
97	1	16	0	18	0	137	
78	2	18	0	29	0	127	
75	8	21	0	13	0	130	
77	1	5	0	21	0	144	
83	4	13	0	27	0	139	
77	3	24	0	28	0	157	
85	7	15	0	20	0	153	
77	6	18	0	23	0	132	
74	4	17	0	15	0	131	
82	6	12	0	12	0	128	
75	3	13	0	11	0	130	
65	4	14	0	16	0	127	
61	3	8	0	13	0	116	
73	6	10	0	10	0	113	
68	3	6	0	11	0	118	
62	3	8	0	12	0	111	
63	4	8	0	13	0	111	
64	0	10	0	14	0	98	
71	2	10	0	6	0	112	
49	2	11	0	15	0	108	
53	4	1	0	13	0	115	
48	0	9	0	8	0	79	
37	3	6	0	12	0	96	
40	3	4	0	7	0	69	
35	1	2	0	7	0	77	
42	4	8	0	4	0	98	
41	4	10	0	6	0	77	
30	2	7	0	6	0	66	
31	1	3	0	4	0	64	
28	5	7	0	12	0	64	
33	1	2	0	8	0	61	
20	2	4	0	4	0	46	
22	1	6	0	4	0	48	
15	1	6	0	5	0	53	
9	1	5	0	7	0	68	
18	1	3	0	7	0	61	
18	2	3	0	5	0	72	
17	2	3	0	6	0	91	
20	3	7	0	9	0	77	
19	6	10	0	9	0	69	
25	2	6	0	9	0	82	
28	1	9	0	6	0	72	
31	4	6	0	12	0	106	
40	4	6	0	11	0	80	
34	3	10	0	10	0	94	
37	2	4	0	9	0	104	
48	4	10	0	11	0	111	
44	4	10	0	6	0	110	
53	0	5	0	8	0	98	
40	3	9	0	16	0	113	
54	5	12	0	15	0	139	
67	1	11	0	18	0	147	
45	3	10	0	16	0	119	
70	2	16	0	23	0	142	
83	4	17	0	14	0	159	
85	3	25	0	21	0	169	
79	5	14	0	15	0	126	
82	0	15	0	25	0	129	
80	4	9	0	21	0	148	
77	2	18	0	11	0	131	
70	4	15	0	22	0	138	
66	5	9	0	16	0	157	
71	6	13	0	14	0	163	
98	4	9	0	15	0	136	
73	7	12	0	24	0	145	
70	4	9	0	17	0	130	
68	5	12	0	15	0	158	
100	1	11	0	13	0	152	
75	3	16	0	10	0	125	
90	0	13	0	14	0	149	
95	2	14	0	14	0	157	
98	4	10	0	16	0	153	
95	6	13	0	19	0	139	
94	6	9	0	10	0	155	
76	3	15	0	18	0	150	
71	5	16	0	14	0	158	
94	4	15	0	23	0	162	
78	3	10	0	13	0	137	
77	3	13	0	6	0	147	
104	4	10	0	20	0	178	
84	2	18	0	16	0	148	
96	3	9	0	14	0	157	
100	6	13	0	13	0	184	
105	2	14	0	17	0	175	
93	2	6	0	16	0	156	
82	2	10	0	25	0	136	
86	6	11	0	14	0	180	
125	1	14	0	15	0	172	
83	7	18	0	17	0	176	
111	5	11	0	14	0	146	
94	4	7	0	17	0	164	
99	4	16	0	18	0	178	
96	5	15	0	19	0	183	
76	1	10	0	18	0	159	
76	3	12	0	18	0	173	
91	3	15	0	22	0	175	
101	0	17	0	26	0	165	
104	1	11	0	26	0	187	
108	0	14	0	25	0	161	
100	2	11	0	15	0	204	
104	6	10	0	19	0	179	
107	3	13	0	18	0	161	
106	4	17	0	21	0	176	
89	4	16	0	15	0	178	
85	3	10	0	15	0	158	
103	3	11	0	17	0	166	
123	4	13	0	24	0	172	
101	4	17	0	18	0	186	
112	2	13	0	23	0	206	
111	1	19	0	23	0	197	
91	2	15	0	29	0	191	
98	3	9	0	20	0	194	
102	2	12	0	18	0	203	
99	3	19	0	16	0	188	
100	4	15	0	25	0	187	
104	1	10	0	23	0	165	
103	5	12	0	17	0	217	
119	1	16	0	22	0	153	
85	0	15	0	19	0	158	
115	2	13	0	30	0	182	
109	2	26	0	20	0	210	
106	3	14	0	26	0	164	
86	5	15	0	14	0	164	
99	2	16	0	25	0	183	
116	4	14	0	23	0	196	
102	3	14	0	21	0	193	
104	3	19	0	23	0	160	
114	5	21	0	18	0	185	
90	7	16	0	30	0	203	
129	1	9	0	23	0	181	
97	3	15	0	25	0	161	
94	2	15	0	16	0	176	
99	1	18	0	26	0	201	
115	1	9	0	26	0	208	
89	2	16	0	20	0	169	
109	4	16	0	24	0	174	
85	5	18	0	21	0	195	
105	6	21	0	18	0	202	
110	3	17	0	21	0	173	
100	2	16	0	19	0	183	
107	2	28	0	28	0	182	
97	2	19	0	27	0	215	
106	2	15	0	24	0	183	
106	4	15	0	20	0	184	
91	2	15	0	28	0	183	
114	4	20	0	24	0	194	
108	0	22	0	16	0	172	
107	2	14	0	30	0	183	
91	2	18	0	21	0	196	
114	5	16	0	15	0	205	
112	4	15	0	19	0	162	
104	3	22	0	22	0	185	
101	5	16	0	25	0	206	
114	3	19	0	40	0	179	
127	4	19	0	14	0	196	
98	3	16	0	19	0	185	
101	4	23	0	27	0	202	
101	5	14	0	21	0	197	
95	2	14	0	18	0	177	
97	1	17	0	20	0	169	
91	5	25	0	18	0	181	
101	3	20	0	26	0	181	
104	2	16	0	37	0	187	
91	5	11	0	15	0	178	
113	1	11	0	22	0	224	
106	1	21	0	24	0	170	
97	5	21	0	19	0	190	
100	3	17	0	18	0	166	
99	1	18	0	16	0	170	
107	4	24	0	29	0	193	
105	3	18	0	14	0	167	
100	1	20	0	16	0	156	
108	3	11	0	26	0	203	
82	3	15	0	22	0	202	
81	1	20	0	23	0	189	
82	2	7	0	27	0	176	
97	0	20	0	21	0	191	
111	6	21	0	22	0	193	
103	3	22	0	21	0	227	
114	4	19	0	13	0	174	
90	3	19	0	18	0	159	
109	5	22	0	17	0	171	
88	3	21	0	18	0	197	
96	7	15	0	24	0	187	
98	2	18	0	19	0	167	
86	2	21	0	19	0	172	
104	2	17	0	34	0	193	
89	4	15	0	30	0	173	
107	4	21	0	23	0	166	
102	5	13	0	24	0	200	
119	1	11	0	27	0	199	
110	2	25	0	24	0	191	
84	2	17	0	20	0	194	
96	2	27	0	25	0	193	
101	1	13	0	27	0	172	
108	4	20	0	20	0	183	
113	5	11	0	28	0	192	
112	2	18	0	12	0	193	
116	4	19	0	28	0	187	
90	2	26	0	27	0	208	
94	2	20	0	19	0	153	
98	1	21	0	25	0	167	
100	5	17	0	27	0	181	
100	4	13	0	25	0	194	
105	4	12	0	29	0	181	
93	3	15	0	20	0	169	
95	2	21	0	24	0	154	
89	5	17	0	13	0	173	
93	1	26	0	26	0	156	
90	2	13	0	23	0	191	
104	2	14	0	24	0	181	
104	1	9	0	23	0	175	
103	4	21	0	22	0	162	
96	5	12	0	22	0	209	
94	1	24	0	31	0	168	
102	2	18	0	22	0	201	
113	4	25	0	18	0	171	
83	3	14	0	21	0	172	
93	6	22	0	35	0	185	
111	4	20	0	17	0	176	
103	4	11	0	21	0	169	
76	3	14	0	19	0	184	
97	3	25	0	26	0	166	
118	3	15	0	28	0	179	
105	2	22	0	18	0	173	
92	3	17	0	23	0	194	
105	1	19	0	27	0	174	
96	2	16	0	27	0	196	
95	1	16	0	22	0	160	
82	4	21	0	16	0	171	
112	3	22	0	20	0	184	
85	3	13	0	32	0	176	
100	0	27	0	21	0	168	
91	5	23	0	23	0	181	
87	3	17	0	27	0	182	
107	5	23	0	23	0	196	
94	1	17	0	32	0	168	
94	1	20	0	28	0	167	
97	0	15	0	25	0	176	
105	2	15	0	20	0	179	
92	2	21	0	21	0	196	
94	4	18	0	26	0	152	
93	6	20	0	22	0	172	
98	1	19	0	29	0	204	
106	0	23	0	15	0	176	
91	2	18	0	20	0	144	
77	1	20	0	23	0	170	
99	5	24	0	30	0	214	
102	3	16	0	24	0	182	
101	1	18	0	27	0	150	
98	4	18	0	20	0	172	
124	1	22	0	23	0	184	
90	5	18	0	24	0	203	
88	1	12	0	21	0	164	
101	2	12	0	26	0	172	
93	1	21	0	32	0	202	
107	7	19	0	26	0	192	
105	2	10	0	18	0	188	
72	2	16	0	23	0	184	
95	2	17	0	29	0	166	
104	3	29	0	26	0	174	
92	3	14	0	20	0	161	
100	3	13	0	20	0	180	
93	1	15	0	23	0	176	
116	3	15	0	26	0	173	
103	1	28	0	20	0	174	
93	3	11	0	25	0	154	
96	7	15	0	18	0	184	
99	4	23	0	20	0	163	
94	2	18	0	20	0	164	
86	4	22	0	23	0	170	
108	3	13	0	26	0	183	
83	5	19	0	26	0	195	
105	3	18	0	21	0	168	
104	0	25	0	21	0	156	
95	4	14	0	22	0	155	
97	2	20	0	23	0	177	
116	4	18	0	16	0	176	
91	1	16	0	33	0	168	
79	2	19	0	21	0	169	
101	2	21	0	24	0	174	
96	3	16	0	33	0	165	
75	5	16	0	23	0	155	
93	3	15	0	20	0	199	
85	5	9	0	28	0	190	
88	3	13	0	28	0	175	
97	5	20	0	17	0	166	
95	4	23	0	29	0	185	
87	3	21	0	23	0	186	
98	3	18	0	26	0	192	
102	3	14	0	25	0	155	
100	2	20	0	16	0	155	
91	4	17	0	20	0	165	
103	1	19	0	11	0	171	
90	2	20	0	19	0	157	
82	0	24	0	29	0	184	
100	1	18	0	26	0	172	
105	4	15	0	25	0	153	
104	3	12	0	25	0	168	
99	4	16	0	24	0	156	
92	2	18	0	22	0	170	
101	3	21	0	25	0	168	
100	6	19	0	22	0	163	
91	0	21	0	29	0	161	
86	2	29	0	27	0	165	
95	5	23	0	17	0	157	
89	2	24	0	18	0	162	
101	6	18	0	16	0	184	
72	5	21	0	24	0	167	
101	4	14	0	22	0	174	
93	0	22	0	16	0	175	
101	2	11	0	21	0	133	
95	3	18	0	12	0	161	
103	3	18	0	21	0	167	
100	1	20	0	26	0	154	
107	4	17	0	27	0	155	
97	2	21	0	22	0	166	
87	5	23	0	26	0	172	
99	6	25	0	28	0	156	
106	3	18	0	24	0	145	
96	2	18	0	22	0	167	
83	1	19	0	20	0	171	
90	1	15	0	16	0	145	
85	4	20	0	31	0	174	
82	2	22	0	16	0	169	
90	5	12	0	22	0	180	
103	2	18	0	25	0	177	
83	2	22	0	21	0	155	
83	2	20	0	27	0	174	
91	2	20	0	24	0	159	
81	3	11	0	19	0	174	
95	1	18	0	14	0	155	
95	0	19	0	25	0	168	
95	1	24	0	20	0	151	
127	3	18	0	31	0	149	
84	6	19	0	26	0	165	
76	3	12	0	24	0	149	
108	1	16	0	25	0	201	
88	1	9	0	21	0	191	
95	4	16	0	25	0	133	
81	3	17	0	25	0	181	
88	6	20	0	23	0	187	
97	4	11	0	18	0	143	
100	3	25	0	26	0	158	
77	6	16	0	28	0	152	
103	2	10	0	27	0	163	
102	1	20	0	24	0	146	
79	3	23	0	24	0	155	
71	2	13	0	17	0	162	
85	4	15	0	19	0	166	
86	6	6	0	23	0	179	
98	1	28	0	16	0	171	
97	4	17	0	23	0	150	
90	4	16	0	20	0	160	
87	2	18	0	31	0	163	
99	6	18	0	24	0	147	
68	1	19	0	21	0	160	
94	3	28	0	19	0	143	
112	3	16	0	21	0	162	
97	5	20	0	23	0	149	
103	4	25	0	23	0	177	
106	1	8	0	27	0	175	
92	2	19	0	34	0	171	
95	4	22	0	19	0	176	
94	0	16	0	19	0	166	
87	2	20	0	21	0	174	
100	5	23	0	19	0	170	
92	3	14	0	22	0	181	
86	6	17	0	13	0	161	
100	4	24	0	16	0	162	
109	1	18	0	31	0	189	
91	0	14	0	32	0	171	
92	1	16	0	24	0	166	
88	1	19	0	23	0	155	
95	3	14	0	22	0	167	
86	3	24	0	19	0	154	
90	3	23	0	21	0	142	
98	0	16	0	23	0	162	
91	5	15	0	29	0	180	
94	5	22	0	25	0	170	
72	0	24	0	20	0	168	
95	5	15	0	26	0	170	
94	2	19	0	22	0	171	
93	2	13	0	15	0	156	
93	4	18	0	24	0	152	
81	2	12	0	22	0	167	
89	2	24	0	24	0	170	
107	2	28	0	21	0	152	
83	3	14	0	23	0	160	
99	4	21	0	24	0	149	
85	2	15	0	27	0	157	
80	0	16	0	23	0	162	
98	3	25	0	24	0	156	
83	5	22	0	24	0	169	
100	2	11	0	17	0	149	
85	2	19	0	24	0	171	
110	1	24	0	25	0	162	
97	2	13	0	26	0	147	
74	4	19	0	18	0	183	
88	1	25	0	27	0	145	
91	2	22	0	20	0	143	
87	4	15	0	25	0	152	
102	3	17	0	24	0	158	
101	8	21	0	29	0	162	
101	2	11	0	28	0	161	
91	2	21	0	20	0	191	
95	2	14	0	24	0	145	
120	0	15	0	15	0	167	
76	3	16	0	29	0	149	
109	4	19	0	18	0	179	
128	7	26	0	31	0	183	
84	1	5	0	19	0	144	
120	3	17	0	27	0	197	
67	1	16	0	24	0	155	
34	1	7	0	11	0	82	
0	0	0	0	0	0	0	
0	0	0	0	0	0	0	
0	0	0	0	0	0	0	
0	0	0	0	0	0	0	
0	0	0	0	0	0	0	
0	0	0	0	0	0	0	
0	0	0	0	0	0	0	
0	0	0	0	0	0	0	
0	0	0	0	0	0	0	
0	0	0	0	0	0	0	
0	0	0	0	0	0	0	
0	0	0	0	0	0	0	
0	0	0	0	0	0	0	
0	0	0	0	0	0	0	
0	0	0	0	0	0	0	
0	0	0	0	0	0	0	
0	0	0	0	0	0	0	
0	0	0	0	0	0	0	
0	0	0	0	0	0	0	
0	0	0	0	0	0	0	
0	0	0	0	0	0	0	
0	0	0	0	0	0	0	
0	0	0	0	0	0	0	
0	0	0	0	0	0	0	
0	0	0	0	0	0	0	
0	0	0	0	0	0	0	
0	0	0	0	0	0	0	
0	0	0	0	0	0	0	
0	0	0	0	0	0	0	
0	0	0	0	0	0	0	
0	0	0	0	0	0	0	
0	0	0	0	0	0	0	
0	0	0	0	0	0	0	
0	0	0	0	0	0	0	
0	0	0	0	0	0	0	
0	0	0	0	0	0	0	
0	0	0	0	0	0	0	
0	0	0	0	0	0	0	
0	0	0	0	0	0	0	
0	0	0	0	0	0	0	
0	0	0	0	0	0	0	
0	0	0	0	0	0	0	
0	0	0	0	0	0	0	
0	0	0	0	0	0	0	
0	0	0	0	0	0	0	
0	0	0	0	0	0	0	
0	0	0	0	0	0	0	
0	0	0	0	0	0	0	
0	0	0	0	0	0	0	
0	0	0	0	0	0	0	
0	0	0	0	0	0	0	
0	0	0	0	0	0	0	
0	0	0	0	0	0	0	
0	0	0	0	0	0	0	
0	0	0	0	0	0	0	
0	0	0	0	0	0	0	
0	0	0	0	0	0	0	
0	0	0	0	0	0	0	
0	0	0	0	0	0	0	
0	0	0	0	0	0	0	
0	0	0	0	0	0	0	
0	0	0	0	0	0	0	
0	0	0	0	0	0	0	
0	0	0	0	0	0	0	
0	0	0	0	0	0	0	
0	0	0	0	0	0	0	
0	0	0	0	0	0	0	
0	0	0	0	0	0	0	
0	0	0	0	0	0	0	
0	0	0	0	0	0	0	
0	0	0	0	0	0	0	
0	0	0	0	0	0	0	
0	0	0	0	0	0	0	
0	0	0	0	0	0	0	
0	0	0	0	0	0	0	
